	Gene Symbol	CD44+ N37	CD44+ N39	CD44+ N40	CD44+ N152	CD44+ N161	CD44+ N172	t-value	q-value	p-value	PseudoFC
1	HSPA1A	2.993831	4.7365865	7.9976413	16.0180355	17.2726998	14.8795479	2.011561712	4.96E-02	3.89E-04	2489.16994
2	LOC642361	1.8744435	2.0230478	2.9956812	10.9516464	13.1605909	14.0572919	2.198386219	4.96E-02	1.73E-04	2137.354775
3	RPS29	4.309025	5.3621423	6.2829045	14.7874254	15.5024984	15.6669952	2.280347449	4.96E-02	1.48E-04	1128.6294
4	HNRNPA1	3.0245043	2.0230478	2.1654208	11.7692264	12.0704905	12.5017958	2.349268832	4.96E-02	1.24E-04	858.800101
5	MTRNR2L2	1.8744435	2.0230478	2.1654208	9.4518602	11.4449535	12.8355435	1.945683642	4.96E-02	4.93E-04	685.9243605
6	RPL23AP32	3.8197323	5.4346801	5.5446534	13.4958827	14.2869369	14.8841946	2.091154616	4.96E-02	2.85E-04	647.8613061
7	RPL27A	5.7794294	5.1480825	6.6706745	14.2486421	15.5219953	15.4572907	2.112261591	4.96E-02	2.69E-04	548.9609052
8	ERH	2.993831	2.0230478	2.1654208	11.3198595	10.3562848	12.0605992	2.042512894	4.96E-02	3.49E-04	536.2523097
9	COX6A1	2.2016907	2.0230478	2.1654208	9.5311029	11.2246821	11.7648175	1.966234652	4.96E-02	4.53E-04	533.4692445
10	COX6C	1.8744435	2.0230478	4.4498938	10.7716423	10.9430782	12.193477	1.8119455	4.96E-02	8.47E-04	476.7862499
11	RPLP1	6.5212096	6.0726357	6.5278107	14.3822043	15.7350278	15.2879499	2.095830752	4.96E-02	2.77E-04	435.5638137
12	PLAC9	1.8744435	2.406905	2.1654208	10.8701759	10.1377987	11.3236165	2.087657395	4.96E-02	2.93E-04	417.2461993
13	S100A4	2.993831	2.0230478	2.1654208	9.6949272	10.8915463	11.6510165	1.898294036	4.96E-02	5.82E-04	403.7127825
14	CRIP1	1.8744435	2.0230478	2.1654208	10.2489183	10.3046864	13.3062766	1.94320544	4.96E-02	5.10E-04	331.8700773
15	TRMT5	2.993831	2.406905	3.3243747	11.6174919	10.9138572	10.9475666	2.00878041	4.96E-02	3.97E-04	313.6729166
16	RPL5	4.6820765	4.9115166	6.4507011	12.9677139	13.2606973	13.4534914	1.820629375	4.96E-02	8.06E-04	312.0508774
17	GPR124	2.2016907	2.406905	3.9352215	11.488177	10.4474736	10.964382	1.854126236	4.96E-02	7.26E-04	303.5484281
18	MRFAP1	1.8744435	2.0230478	2.1654208	10.2950545	9.2452562	10.3835676	1.925871803	4.96E-02	5.26E-04	297.7890169
19	NGFRAP1	2.2016907	2.8096013	2.1654208	10.2042831	10.5428155	10.9133361	2.016446906	4.96E-02	3.81E-04	275.0852243
20	EEF1B2	5.6586086	3.8720139	4.5083337	11.8726814	13.4982434	13.0949964	1.821363767	4.96E-02	7.98E-04	256.1184813
21	ID2B	1.8744435	2.0230478	2.1654208	10.1550993	9.9150431	9.9011097	2.05796395	4.96E-02	3.33E-04	254.1750195
22	ID4	2.993831	2.0230478	2.1654208	9.921389	10.1587087	10.974378	1.897124133	4.96E-02	5.90E-04	252.5713197
23	CSN1S2AP	1.8744435	2.0230478	2.1654208	8.7595777	9.9586202	11.5499195	1.766559238	4.96E-02	1.01E-03	244.8191184
24	NDUFA12	1.8744435	2.0230478	2.1654208	8.1554584	10.0147482	9.8147322	1.679843789	4.96E-02	1.33E-03	221.5800857
25	TPT1	7.3175786	7.5987767	8.3453359	15.3722884	15.9356836	15.1839282	1.872361385	4.96E-02	6.70E-04	218.8064975
26	FOS	7.9061745	8.3595375	9.4853018	16.6082294	16.2213996	15.635844	1.759686731	4.96E-02	1.02E-03	212.2571788
27	IGFBP7	7.3921232	5.1957839	6.7042855	12.9054107	14.6094119	14.8693167	1.65560679	4.96E-02	1.42E-03	209.3287664
28	NDUFB4	5.3044627	2.406905	2.1654208	10.0513961	10.1122999	11.5764126	1.493463501	4.96E-02	2.28E-03	208.7156419
29	TMEM50A	4.6394091	2.0230478	2.1654208	10.3937635	9.8802157	9.6746202	1.520345167	4.96E-02	2.11E-03	201.0725579
30	BRP44L	1.8744435	2.0230478	2.3793449	8.9446225	10.0009196	9.6498858	1.814686728	4.96E-02	8.38E-04	196.9348643
31	ATP5C1	2.2016907	3.8720139	2.1654208	9.8991573	9.7594761	10.3326709	1.66930315	4.96E-02	1.36E-03	193.2139252
32	C1orf54	1.8744435	2.0230478	2.1654208	8.9732809	9.5726728	9.9011097	1.847285377	4.96E-02	7.34E-04	187.3542647
33	SCP2	1.8744435	3.7709946	2.1654208	9.7946438	10.4061014	9.4156466	1.647703974	4.96E-02	1.46E-03	186.263745
34	LMOD1	2.2016907	3.360637	2.1654208	8.6922175	10.6322453	10.8747201	1.6465569	4.96E-02	1.47E-03	182.7950339
35	VKORC1	2.2016907	2.0230478	2.1654208	10.515675	9.6573895	9.0502468	1.81935768	4.96E-02	8.14E-04	180.0144181
36	COX5B	4.2098819	2.406905	2.3793449	9.4920255	9.8852428	11.7298405	1.577302487	4.96E-02	1.81E-03	178.3216194
37	NEXN	1.8744435	2.8096013	2.1654208	8.5941417	9.585084	11.7376868	1.628041721	4.96E-02	1.56E-03	171.2147535
38	CAMLG	1.8744435	2.8096013	3.7641245	9.6378909	9.2914302	11.346887	1.584433083	4.96E-02	1.77E-03	170.8974041
39	NSA2	3.0245043	4.3899364	4.2859964	10.6789908	10.8013455	11.8008401	1.665392749	4.96E-02	1.37E-03	170.1783538
40	FRZB	1.8744435	2.0230478	2.1654208	8.3206874	10.5364387	9.3859987	1.680291136	4.96E-02	1.32E-03	164.6148715
41	LUM	4.815804	4.3899364	5.9741452	14.898528	12.1634288	9.5102912	1.325246537	4.96E-02	3.69E-03	162.8753855
42	NUDT4P1	1.8744435	2.0230478	3.9083598	8.4987997	9.6515005	11.2432203	1.50381325	4.96E-02	2.18E-03	161.4407011
43	FAM83A	1.8744435	2.0230478	2.1654208	4.5400907	10.2036711	9.32481	1.087975532	5.11E-02	7.90E-03	157.7790835
44	GAS5	5.2636993	4.8304956	5.7236017	11.5103468	13.0980966	12.5325658	1.65829574	4.96E-02	1.38E-03	154.2221872
45	SH3BGRL	2.993831	3.7709946	3.9083598	10.2547666	10.4095948	11.5742234	1.687732365	4.96E-02	1.29E-03	153.3767099
46	HTRA1	2.993831	2.8096013	3.9083598	11.1669832	9.7758097	10.4708877	1.68985596	4.96E-02	1.27E-03	153.1310862
47	EIF3E	4.815804	4.9115166	3.9352215	12.1666987	11.3390176	11.6777725	1.729612843	4.96E-02	1.11E-03	152.7662557
48	HMGB1	3.3509967	3.7709946	3.9083598	10.4458174	11.0182256	11.209764	1.786208332	4.96E-02	9.27E-04	151.9266336
49	NDUFB9	3.0245043	2.406905	2.1654208	9.2961016	9.63965	10.8240285	1.724643617	4.96E-02	1.14E-03	150.4087851
50	ID2	1.8744435	2.0230478	2.1654208	9.1086088	9.3652474	9.1594204	1.858037615	4.96E-02	7.18E-04	147.0157127
51	RPS8	7.3553323	8.1702751	8.5253933	14.4062143	15.6952396	15.4187663	1.672940289	4.96E-02	1.35E-03	143.9921462
52	NPM1	4.2634629	5.297868	5.5715986	12.0878069	12.6497478	11.8702944	1.697940181	4.96E-02	1.23E-03	135.1248514
53	APEX1	2.2016907	2.0230478	2.1654208	9.0559909	10.8890459	9.0502468	1.724583928	4.96E-02	1.14E-03	130.4360676
54	RPL23P8	8.2244688	8.4079855	8.7104835	15.2496156	15.3777432	15.9830695	1.762733974	4.96E-02	1.02E-03	130.2506523
55	SNX3	4.815804	3.360637	3.7641245	10.7797775	10.3671056	10.892401	1.588710112	4.96E-02	1.75E-03	128.5751992
56	HSPA1B	6.0548278	7.4768994	10.290431	14.470135	15.6075614	14.2615737	1.349532351	4.96E-02	3.44E-03	127.4012481
57	HSPA6	1.8744435	3.7709946	6.2829045	11.2673077	12.0130894	8.833074	1.257105041	4.96E-02	4.50E-03	124.381701
58	GADD45A	2.2016907	4.4133226	3.3243747	10.3175808	10.2666667	9.2717591	1.482436267	4.96E-02	2.38E-03	122.9810319
59	SPARCL1	5.8972917	4.9115166	5.2176156	12.3396908	12.1561685	12.1441484	1.695383389	4.96E-02	1.25E-03	122.6627149
60	SHFM1	1.8744435	2.406905	2.1654208	9.0891013	8.492491	11.1135456	1.625357334	4.96E-02	1.57E-03	121.4047016
61	SDHD	1.8744435	2.8096013	2.1654208	9.7035053	8.0663803	9.1710561	1.553693036	4.96E-02	1.95E-03	118.9246556
62	TRIAP1	1.8744435	2.8096013	2.9956812	10.3007191	7.1932904	9.6827716	1.363652009	4.96E-02	3.30E-03	117.2277551
63	CYC1	1.8744435	3.360637	2.9956812	8.7346847	9.9297155	9.8513533	1.556023812	4.96E-02	1.94E-03	115.8145008
64	RPL37	7.4971815	8.5953745	8.7350882	14.5925156	15.5655105	15.3421906	1.623480945	4.96E-02	1.59E-03	113.8051711
65	CSDA	4.2634629	2.406905	3.9352215	10.7572945	10.4975743	10.8604176	1.653217538	4.96E-02	1.43E-03	113.1484488
66	RPL22L1	3.0245043	2.0230478	2.1654208	9.4969685	9.8132173	8.1057709	1.542645885	4.96E-02	2.01E-03	110.5620909
67	CRIM1	2.993831	4.3513152	2.3793449	8.9446225	9.7758097	11.2349287	1.452682565	4.96E-02	2.59E-03	110.0472041
68	TSPYL4	3.0245043	2.0230478	2.9956812	9.1717924	9.802628	9.1358635	1.612298722	4.96E-02	1.64E-03	109.7535432
69	ESD	2.993831	2.0230478	3.7641245	9.6644958	9.7539902	10.4708877	1.628935008	4.96E-02	1.54E-03	108.3953599
70	FAM162A	3.0245043	2.0230478	2.1654208	9.1021356	8.1852726	9.7695234	1.534570789	4.96E-02	2.02E-03	107.2637724
71	VPS29	1.8744435	2.0230478	2.1654208	8.7677808	5.6724615	9.6076956	1.210057074	4.98E-02	5.22E-03	107.242504
72	LMBRD1	1.8744435	2.8096013	2.3793449	9.0559909	8.3971729	9.62472	1.588188941	4.96E-02	1.76E-03	102.2988435
73	C2orf40	4.2098819	6.4662577	3.9083598	9.042531	12.0792909	13.1101869	1.25502942	4.96E-02	4.55E-03	100.0050568
74	SNCA	1.8744435	3.3213504	2.1654208	8.8081111	8.5186068	9.5194229	1.514903647	4.96E-02	2.14E-03	99.91921443
75	HSPA2	2.2016907	2.0230478	2.1654208	8.792114	9.3866756	8.1996456	1.624362497	4.96E-02	1.58E-03	98.81739776
76	RCN2	1.8744435	2.0230478	2.1654208	9.7865924	7.9173057	8.6456318	1.570698655	4.96E-02	1.86E-03	98.53634008
77	7-Mar	1.8744435	2.0230478	2.9956812	9.0221027	8.9985279	8.4683738	1.573906313	4.96E-02	1.83E-03	96.59859584
78	PDE5A	3.3509967	2.0230478	2.9956812	7.7378191	9.585084	10.7866977	1.392211273	4.96E-02	3.07E-03	96.29592213
79	GAS1	3.8197323	2.0230478	2.9956812	11.211266	9.1975554	8.5597232	1.425320668	4.96E-02	2.84E-03	92.84004774
80	CENPH	4.7435639	3.7709946	2.1654208	9.8342407	11.2482856	10.1089703	1.479198037	4.96E-02	2.43E-03	90.806377
81	TMEM66	3.8197323	3.7709946	4.5083337	11.4273358	10.2743512	10.2906199	1.577099619	4.96E-02	1.82E-03	90.72049693
82	LETMD1	1.8744435	2.0230478	2.1654208	8.0915413	8.5186068	9.2717591	1.607427252	4.96E-02	1.66E-03	90.23148577
83	LOC572558	1.8744435	2.0230478	2.1654208	6.0805901	8.5186068	9.32481	1.257747329	4.96E-02	4.50E-03	90.23148577
84	LGALS3	4.963444	4.9115166	5.7236017	12.5593915	11.2715091	11.4579213	1.549891724	4.96E-02	1.97E-03	90.16385704
85	ARL5B	1.8744435	2.0230478	4.7244061	10.0680992	11.2087291	8.2662493	1.390198804	4.96E-02	3.08E-03	89.53147488
86	C9orf16	3.0245043	4.7507076	3.3243747	11.0954589	9.8079324	9.6989376	1.460560392	4.96E-02	2.53E-03	89.4839902
87	TXN	4.7435639	4.3899364	4.7244061	11.0440392	10.9550811	11.2210025	1.657574944	4.96E-02	1.40E-03	89.10525649
88	KLHL20	1.8744435	2.0230478	2.3793449	9.8264078	7.4590463	8.4871122	1.458277395	4.96E-02	2.56E-03	88.28304195
89	SSBP2	2.2016907	2.0230478	2.3793449	8.2046286	8.6425333	9.9957527	1.567587513	4.96E-02	1.86E-03	86.87340126
90	OTUD1	3.3509967	2.0230478	4.2859964	9.7825497	8.6306088	10.2852763	1.387472669	4.96E-02	3.11E-03	86.31581609
91	FRA10AC1	3.0245043	2.0230478	2.1654208	8.5848861	8.4524089	9.5991074	1.529397684	4.96E-02	2.06E-03	86.18477383
92	CPE	5.6586086	4.3513152	6.0316576	13.1100097	10.7799116	11.6447709	1.411164363	4.96E-02	2.96E-03	86.13910109
93	NDUFS4	4.2098819	2.0230478	2.1654208	8.8473445	8.9320699	8.4493889	1.32764682	4.96E-02	3.64E-03	86.00454975
94	RHOBTB2	1.8744435	2.0230478	2.1654208	6.3662802	9.1975554	8.4493889	1.299050496	4.96E-02	3.93E-03	86.00454975
95	HOXD8	1.8744435	2.0230478	2.3793449	6.2304884	8.9609276	8.4493889	1.256597584	4.96E-02	4.52E-03	86.00454975
96	ATPIF1	3.0245043	2.0230478	2.3793449	9.4416416	8.2645713	8.8905079	1.520079762	4.96E-02	2.12E-03	85.457625
97	EXTL2	1.8744435	2.0230478	2.1654208	8.2868394	8.5694617	8.4683738	1.657927005	4.96E-02	1.39E-03	85.17722749
98	TGFBI	6.3818471	5.1480825	6.7692467	11.5888403	12.5511867	13.1715722	1.431778936	4.96E-02	2.79E-03	84.5847424
99	C8orf59	3.8399484	3.3213504	2.1654208	9.2789856	10.0819703	9.6746202	1.527350527	4.96E-02	2.09E-03	81.75696807
100	DDOST	4.6394091	3.3213504	2.1654208	10.5278012	8.5186068	10.2959438	1.359787432	4.96E-02	3.35E-03	81.75222065
101	CPNE3	4.309025	3.8720139	2.1654208	8.6661239	8.8104958	10.652022	1.269435444	4.96E-02	4.31E-03	81.17688147
102	LDB3	3.0245043	5.297868	2.1654208	8.7093547	9.3652474	9.8072951	1.222646743	4.96E-02	5.03E-03	81.05015516
103	IKBIP	4.309025	2.0230478	2.1654208	8.3860905	8.492491	9.62472	1.306551712	4.96E-02	3.87E-03	80.2856462
104	PA2G4	1.8744435	2.0230478	2.1654208	8.3206874	7.89754	9.0502468	1.560754558	4.96E-02	1.91E-03	78.66443444
105	NNMT	4.6394091	5.4346801	3.7641245	11.7129846	9.0169669	11.0329417	1.272026986	4.96E-02	4.26E-03	77.61720445
106	RAB13	5.4911209	3.3213504	2.9956812	10.2893675	9.3214118	9.5991074	1.263967871	4.96E-02	4.41E-03	77.58775101
107	COX4I1	5.3162271	4.8079702	5.7236017	11.2157704	11.5936364	11.7298405	1.534205737	4.96E-02	2.05E-03	77.5690528
108	MFF	3.0245043	2.0230478	3.3243747	8.90798	9.5973894	9.2932141	1.543301563	4.96E-02	2.00E-03	77.33312988
109	ARID4A	4.309025	2.406905	3.9083598	10.6459942	8.6777266	9.9150162	1.357625431	4.96E-02	3.37E-03	77.21566241
110	TSPAN8	1.8744435	2.0230478	2.1654208	8.1428995	8.1355133	8.6948242	1.592514075	4.96E-02	1.73E-03	76.69548921
111	NFYC	3.0245043	2.406905	3.9352215	9.2847135	6.9843361	10.4614424	1.18893642	4.98E-02	5.53E-03	76.64975075
112	PSMA5	4.2634629	2.0230478	2.1654208	9.2499997	8.2799211	8.8476482	1.318513484	4.96E-02	3.74E-03	76.47272106
113	PDGFD	1.8744435	2.0230478	2.1654208	8.1174489	8.618585	8.1534715	1.594099673	4.96E-02	1.72E-03	75.74114718
114	RPL7	7.7305591	8.0774702	8.1395596	12.8629666	14.320031	14.4021203	1.3766417	4.96E-02	3.20E-03	75.71781413
115	GUCY1A3	3.8399484	2.8096013	2.1654208	6.7105675	10.0731862	9.9492072	1.204465435	4.98E-02	5.32E-03	75.23008478
116	TUBA1B	5.8972917	6.0361098	5.5929159	11.3651676	12.2643101	12.1278212	1.495452473	4.96E-02	2.26E-03	74.96786098
117	FBXL5	2.993831	2.0230478	2.1654208	9.1779611	8.2799211	8.3908876	1.492505724	4.96E-02	2.29E-03	74.82594796
118	WBP5	2.993831	4.7507076	3.9352215	10.3777739	10.1036991	10.1507065	1.479710635	4.96E-02	2.41E-03	74.31002586
119	NCSTN	4.2634629	2.0230478	2.9956812	10.6548673	7.89754	9.2054107	1.287900928	4.96E-02	4.05E-03	74.01416522
120	CDKN1B	3.0245043	2.8096013	3.3243747	9.2323245	9.63965	7.277042	1.258808243	4.96E-02	4.49E-03	73.91627559
121	EIF2B1	1.8744435	2.0230478	2.1654208	8.2166637	8.2014848	8.3708479	1.619324424	4.96E-02	1.61E-03	73.79376795
122	CSRP2	2.993831	2.0230478	2.1654208	6.7770801	8.6306088	9.1940499	1.277513525	4.96E-02	4.15E-03	73.52784755
123	MYEOV2	1.8744435	2.0230478	2.1654208	8.4486569	8.0305306	8.2221901	1.59222937	4.96E-02	1.74E-03	73.47300304
124	MDP1	1.8744435	2.0230478	2.1654208	6.7770801	8.5186068	8.2221901	1.353328829	4.96E-02	3.41E-03	73.47300304
125	AKR1D1	2.993831	3.7709946	3.9352215	9.1902202	10.5332397	9.5011013	1.451592365	4.96E-02	2.63E-03	73.33292309
126	SUMO1P3	3.0245043	2.0230478	2.9956812	9.2204195	8.7233541	8.7579092	1.509272512	4.96E-02	2.17E-03	73.3088369
127	OSGEP	2.2016907	2.0230478	3.3243747	6.4501951	9.4826695	8.3908876	1.181992672	4.99E-02	5.70E-03	71.42190958
128	RAB6C	1.8744435	2.8096013	2.1654208	8.9661695	8.9609276	7.0438915	1.356873329	4.96E-02	3.38E-03	71.33648369
129	TUBA1A	4.963444	5.8096013	4.9444683	11.0905621	11.9316049	11.5610175	1.522741496	4.96E-02	2.10E-03	70.82043701
130	ZMYM6NB	4.2634629	2.0230478	2.1654208	8.167909	8.492491	9.1119156	1.27444784	4.96E-02	4.21E-03	70.7599515
131	SEPP1	4.2634629	4.7507076	5.2176156	12.5605724	10.8739517	10.2307226	1.438843966	4.96E-02	2.77E-03	69.7076022
132	SRP9	6.0082059	4.3513152	4.7244061	10.4886329	10.8276977	10.964382	1.340519984	4.96E-02	3.51E-03	68.75018272
133	TMEM173	2.2016907	3.3213504	2.3793449	8.2868394	8.3543123	10.2582573	1.410807276	4.96E-02	2.97E-03	67.89101196
134	SMARCD3	3.8399484	2.0230478	2.1654208	8.7093547	9.5411694	8.1057709	1.366321237	4.96E-02	3.27E-03	67.77696173
135	TMEM14C	3.8399484	2.406905	2.9956812	8.9873994	9.0709107	9.2278676	1.440060555	4.96E-02	2.74E-03	67.42583117
136	HNRPDL	5.3354128	5.6616851	5.7236017	11.7298786	12.0073369	9.0875635	1.143832093	5.00E-02	6.50E-03	67.09779763
137	DKK3	2.2016907	3.360637	2.3793449	5.3405168	8.4250552	10.0784017	1.021508686	5.34E-02	9.91E-03	66.06024177
138	LSM6	1.8744435	2.406905	2.1654208	7.7210195	9.2530552	8.1996456	1.474758131	4.96E-02	2.45E-03	65.53641157
139	UBE2NL	1.8744435	3.3213504	3.7641245	8.3094927	9.7919604	8.4106527	1.300373059	4.96E-02	3.92E-03	65.24682953
140	SNX17	3.8399484	2.8096013	2.9956812	9.0221027	8.4111814	10.3785579	1.37096864	4.96E-02	3.24E-03	65.18289308
141	SYNPO2	6.0999914	3.7709946	3.9352215	8.0517861	10.4677231	12.123336	1.088683463	5.11E-02	7.88E-03	65.04402637
142	EIF3M	1.8744435	4.8304956	2.3793449	8.5376958	9.2989842	7.8974394	1.167538131	4.99E-02	6.05E-03	65.02830438
143	ARPC2	5.2636993	3.8720139	3.3243747	10.3091746	10.7192716	9.3454959	1.338497886	4.96E-02	3.52E-03	64.94385735
144	MAGEB10	3.0245043	2.0230478	2.1654208	8.0382872	8.6892694	8.7108559	1.468276533	4.96E-02	2.50E-03	64.67962353
145	LOC401397	3.8399484	2.0230478	2.1654208	8.0382872	8.2951094	8.5238744	1.288154681	4.96E-02	4.05E-03	64.67962353
146	SFRP2	3.8399484	2.8096013	4.7244061	11.9249666	9.8496795	7.0438915	1.102664421	5.06E-02	7.50E-03	64.43314203
147	CCNI	7.2590288	5.1480825	6.4897707	13.2138577	12.0715935	12.4937102	1.412509957	4.96E-02	2.94E-03	64.1749969
148	CPZ	2.993831	2.8096013	3.9352215	9.3407758	8.3397377	9.92879	1.374128252	4.96E-02	3.22E-03	63.71532184
149	F10	2.2016907	4.3513152	3.3243747	7.8958605	9.3064989	11.1344986	1.26110697	4.96E-02	4.44E-03	63.21189527
150	PPP1CA	3.8399484	2.0230478	2.1654208	8.3317959	7.9937674	8.7423946	1.297655189	4.96E-02	3.95E-03	62.71417303
151	C4orf43	2.2016907	2.0230478	2.1654208	7.6158948	8.1355133	8.9725869	1.471272756	4.96E-02	2.47E-03	62.6869192
152	PLRG1	2.2016907	3.7709946	2.3793449	8.6033384	8.1688761	9.0375903	1.349951005	4.96E-02	3.43E-03	62.56072818
153	PTP4A3	4.2098819	5.4346801	3.9083598	7.335969	11.3947214	10.7522537	1.04157703	5.22E-02	9.27E-03	62.25169979
154	BPHL	1.8744435	2.0230478	2.1654208	7.9829919	9.9869572	7.6203219	1.447922215	4.96E-02	2.65E-03	62.2475057
155	RNF130	2.993831	2.406905	4.2859964	10.1425368	7.4040744	10.2417996	1.247274884	4.96E-02	4.65E-03	62.06909417
156	C10orf116	6.0082059	7.1970971	6.9199049	9.906606	12.8698722	14.2454979	1.107755293	5.06E-02	7.33E-03	61.81852322
157	PABPC1	8.3134756	8.2991672	8.2910567	13.8826068	14.248684	14.6961651	1.497341339	4.96E-02	2.22E-03	61.79922223
158	YBX1	5.0569476	4.7507076	5.3892653	10.4560066	11.0044304	11.671642	1.439984097	4.96E-02	2.75E-03	61.71215431
159	TMEM200B	1.8744435	2.0230478	3.9083598	8.0109044	7.8156527	8.577319	1.243826297	4.96E-02	4.69E-03	61.4443822
160	SCARB2	4.963444	4.4133226	4.5083337	11.1545241	9.0531526	10.4423642	1.271590944	4.96E-02	4.27E-03	61.13940004
161	COMMD3	1.8744435	2.0230478	2.1654208	6.2771857	7.956043	8.6948242	1.256251288	4.96E-02	4.53E-03	61.09554124
162	TTC37	3.3509967	3.3213504	2.3793449	9.1779611	9.2838364	8.350526	1.413153818	4.96E-02	2.92E-03	61.08895858
163	LOC100130992	1.8744435	2.0230478	2.9956812	4.5400907	8.2014848	8.9183896	0.954763991	5.85E-02	1.30E-02	60.66146213
164	GTF3A	1.8744435	2.0230478	2.1654208	7.5790795	8.0839766	8.0813159	1.494946165	4.96E-02	2.27E-03	60.48710739
165	C13orf15	3.8399484	3.7709946	3.3243747	9.6732562	9.7812134	8.2221901	1.302997066	4.96E-02	3.88E-03	59.80779534
166	NUP133	2.2016907	2.0230478	2.1654208	6.9599943	8.0663803	8.6456318	1.354719271	4.96E-02	3.39E-03	59.75383871
167	DLC1	1.8744435	2.8096013	4.2859964	11.1164882	7.7062919	8.6948242	1.239666427	4.96E-02	4.72E-03	59.10560221
168	KAZALD1	1.8744435	2.0230478	4.7549172	7.7544253	8.5314896	8.985824	1.164353572	4.99E-02	6.10E-03	58.89126673
169	AGR2	1.8744435	2.0230478	2.1654208	7.8808129	6.9463683	8.6118796	1.36474802	4.96E-02	3.28E-03	57.99132181
170	PPIG	5.7794294	4.8079702	4.5083337	11.6764143	8.3971729	10.664424	1.086854253	5.11E-02	7.95E-03	57.9386355
171	PDGFRL	1.8744435	2.0230478	3.7641245	9.6198778	7.7288372	7.925186	1.273968839	4.96E-02	4.22E-03	57.9105084
172	SUMF1	1.8744435	3.360637	2.1654208	9.0289443	8.0122661	7.8108476	1.338681832	4.96E-02	3.52E-03	57.55403893
173	MYH11	2.993831	4.3899364	2.1654208	8.5472581	10.7471516	8.0053615	1.228827781	4.96E-02	4.92E-03	57.27924846
174	CHTOP	4.815804	2.0230478	2.9956812	8.4281014	8.831483	10.0722095	1.238000448	4.96E-02	4.75E-03	57.11515586
175	APOF	1.8744435	2.0230478	2.1654208	5.7241063	8.1688761	7.8402926	1.154242557	4.99E-02	6.34E-03	56.38520863
176	DNAJC1	1.8744435	2.406905	2.9956812	8.2166637	6.5504789	8.9592273	1.208497727	4.98E-02	5.26E-03	56.09338511
177	RAB9A	3.3509967	2.406905	2.1654208	8.2166637	6.4455364	9.2609108	1.146298538	5.00E-02	6.45E-03	56.09338511
178	TMEM9	2.2016907	3.3213504	3.3243747	9.1278561	7.7728978	10.652022	1.336139445	4.96E-02	3.56E-03	55.96704725
179	ISCU	4.963444	3.7709946	4.5083337	10.3091746	7.9173057	11.016911	1.121704249	5.03E-02	6.93E-03	55.74772078
180	CIR1	3.3509967	3.3213504	3.7641245	9.9648504	9.1482234	8.6786124	1.391702504	4.96E-02	3.08E-03	55.60823767
181	PCBP1	6.0999914	5.4876732	6.0560619	11.5237292	11.7765588	11.8933076	1.469786481	4.96E-02	2.48E-03	55.45771505
182	SCOC	2.2016907	2.406905	2.3793449	8.1924923	6.2722716	8.1767432	1.187092333	4.99E-02	5.58E-03	55.16140473
183	SERPINB1	2.2016907	3.360637	2.1654208	8.2404369	8.9609276	7.925186	1.363712477	4.96E-02	3.29E-03	54.1828797
184	ANGPT1	1.8744435	2.0230478	2.1654208	6.4501951	9.0260988	7.7807893	1.272721237	4.96E-02	4.25E-03	54.10692909
185	RRAD	5.0569476	2.8096013	4.7244061	8.2046286	10.4777423	11.4507791	1.182597163	4.99E-02	5.67E-03	53.9419662
186	TXNIP	6.7078705	4.7507076	6.564874	12.3547449	10.8013455	12.2913492	1.272637775	4.96E-02	4.25E-03	52.94693365
187	RPS20	8.2941654	8.5442716	8.4481275	13.4266559	14.1723395	14.6373499	1.373057483	4.96E-02	3.24E-03	52.86393774
188	FTO	5.3354128	2.8096013	2.9956812	8.4889095	10.1711108	9.6162329	1.213656157	4.96E-02	5.15E-03	51.24389687
189	TAF7	4.6820765	3.7709946	2.1654208	9.6107862	9.4491144	8.0564393	1.185041995	4.99E-02	5.61E-03	51.20170184
190	JPH4	3.0245043	2.0230478	2.1654208	7.0702087	8.7007207	8.3908876	1.300400867	4.96E-02	3.91E-03	51.1341912
191	SDPR	2.2016907	2.0230478	2.1654208	6.0269554	9.0351732	7.8402926	1.188535221	4.98E-02	5.53E-03	51.08655784
192	MINOS1	5.0569476	3.8720139	4.4498938	9.535914	9.5973894	10.8129303	1.28631585	4.96E-02	4.07E-03	50.69951751
193	ZNF32	4.6394091	3.8720139	2.1654208	7.4827092	9.5347853	10.3735309	1.141081302	5.00E-02	6.56E-03	50.65987046
194	PCOLCE	4.2098819	5.4346801	6.6010094	11.0970874	10.3562848	11.595968	1.235550224	4.96E-02	4.81E-03	50.64708585
195	PLS3	2.2016907	3.8720139	2.3793449	7.9107527	7.8571772	10.7050105	1.24253936	4.96E-02	4.70E-03	50.40470395
196	LSM3	5.3044627	2.8096013	3.3243747	8.5183788	8.9798503	9.0752315	1.112589744	5.04E-02	7.21E-03	50.40432222
197	NGRN	3.3509967	3.8720139	2.9956812	9.5262757	7.4857665	9.5011013	1.213165485	4.96E-02	5.17E-03	50.36193654
198	ZFP2	1.8744435	2.0230478	2.1654208	6.2304884	7.6601162	8.5056104	1.230649539	4.96E-02	4.88E-03	49.76530678
199	PFDN5	6.6175557	6.4291897	7.1568531	11.3932764	12.2604461	12.7748773	1.283686576	4.96E-02	4.10E-03	49.11269646
200	PSMA3	4.2634629	2.0230478	3.3243747	7.9254928	8.9417534	9.473175	1.226333944	4.96E-02	4.96E-03	49.09072991
201	NFIA	8.2039211	5.3406193	7.3175252	13.8065095	11.7340016	11.9107637	1.144851825	5.00E-02	6.48E-03	48.59003034
202	CC2D2B	1.8744435	2.0230478	2.1654208	7.6158948	7.2567201	8.7267115	1.390073999	4.96E-02	3.09E-03	48.26304389
203	HSDL2	4.6394091	2.0230478	2.3793449	5.5826351	8.872563	10.225152	0.972842488	5.69E-02	1.21E-02	48.02597265
204	LPCAT4	1.8744435	3.3213504	2.3793449	6.5294995	8.9026233	8.3908876	1.179623371	4.99E-02	5.81E-03	47.87739864
205	ITFG1	3.8399484	2.0230478	2.1654208	8.5848861	7.0925914	9.4156466	1.223162307	4.96E-02	5.01E-03	47.69275331
206	MMGT1	4.6820765	3.7709946	2.1654208	9.7373165	9.3361721	8.1298183	1.192755838	4.98E-02	5.48E-03	47.34622678
207	EPHX1	4.2098819	4.4133226	4.9444683	9.9719683	8.9026233	11.2432203	1.235308241	4.96E-02	4.82E-03	47.13234941
208	PNRC1	8.1619262	6.1390574	8.0377511	12.9334843	13.7163239	12.3019721	1.223343852	4.96E-02	5.00E-03	46.9937726
209	CCNG1	2.2016907	4.7507076	2.1654208	9.0152285	9.0884529	7.7187266	1.179877657	4.99E-02	5.79E-03	46.95821723
210	ATP5F1	3.0245043	2.8096013	3.9352215	9.9612782	7.8365643	8.577319	1.239248843	4.96E-02	4.73E-03	46.94223549
211	TOP1P1	2.993831	3.3213504	3.9083598	8.8855392	9.0351732	8.5238744	1.331001422	4.96E-02	3.61E-03	46.20712428
212	H6PD	6.5861495	3.360637	2.3793449	11.0098654	10.507389	7.8974394	1.064669082	5.14E-02	8.51E-03	45.82600305
213	RCAN2	5.7445127	2.406905	4.7244061	8.6124767	11.2618781	9.2825265	1.080495704	5.13E-02	8.12E-03	45.8028459
214	PROS1	2.993831	2.406905	3.9352215	8.1045532	8.6064601	8.4871122	1.251466364	4.96E-02	4.59E-03	45.04456776
215	MEA1	3.3509967	2.8096013	2.9956812	8.0784109	10.5268203	8.4871122	1.320226275	4.96E-02	3.72E-03	44.98683606
216	CKS1B	3.0245043	2.0230478	3.3243747	9.1902202	7.5120008	8.4301508	1.275690462	4.96E-02	4.17E-03	44.90963177
217	UQCRQ	5.8565586	4.3513152	3.7641245	9.6600956	9.2374148	11.9518161	1.17123908	4.99E-02	5.97E-03	44.424703
218	RBMXL1	4.963444	2.406905	3.9083598	9.8991573	9.3795682	8.9045161	1.238370018	4.96E-02	4.74E-03	44.36064291
219	ETV1	2.2016907	2.0230478	2.3793449	7.6339561	8.0663803	7.4777211	1.395577091	4.96E-02	3.03E-03	43.85511891
220	GEM	5.3044627	6.1390574	7.8096632	11.9585009	12.0988978	10.7483753	1.12529579	5.03E-02	6.88E-03	43.52923052
221	HAS2	1.8744435	2.8096013	5.018694	8.7759375	7.3174789	8.8034763	1.053333045	5.19E-02	8.92E-03	43.50277077
222	TRA2B	5.7445127	4.7365865	5.018694	9.8342407	11.1925978	10.4614424	1.254309489	4.96E-02	4.57E-03	43.49411589
223	BAG3	5.7445127	6.9314777	7.6635078	11.4757116	13.104577	11.6067187	1.16868153	4.99E-02	6.01E-03	43.44352174
224	ITPKB	2.993831	2.0230478	2.9956812	7.6694143	7.5879581	8.4301508	1.251400122	4.96E-02	4.60E-03	43.24524336
225	FILIP1L	5.2636993	3.3213504	4.4498938	8.7513276	10.3885066	10.3785579	1.210814628	4.97E-02	5.20E-03	43.11079458
226	PLSCR4	3.8399484	3.3213504	4.5083337	10.9695379	7.956043	9.2609108	1.173276782	4.99E-02	5.92E-03	42.84224996
227	DPYD	1.8744435	2.0230478	4.4498938	8.4072489	7.2874192	8.5419101	1.13183715	5.01E-02	6.72E-03	42.60573396
228	USMG5	4.6820765	5.297868	2.3793449	8.1428995	10.0863423	10.6353184	1.117965601	5.03E-02	7.06E-03	42.34928863
229	SNRNP27	3.8399484	3.3213504	2.1654208	8.7093547	7.5879581	8.9725869	1.205939776	4.98E-02	5.30E-03	41.87462177
230	CCDC71L	4.815804	5.297868	4.2859964	10.7838279	9.0971447	10.2026521	1.207572491	4.98E-02	5.28E-03	41.84107785
231	PHF17	6.6482929	4.9115166	6.2829045	10.2193155	12.032478	11.8541443	1.19477139	4.98E-02	5.44E-03	41.76391558
232	JTB	4.815804	3.8720139	3.9352215	9.21443	9.3139746	11.0424753	1.277581166	4.96E-02	4.14E-03	41.60696211
233	STXBP3	1.8744435	2.0230478	2.1654208	7.400693	8.5314896	6.8834842	1.314375881	4.96E-02	3.78E-03	41.57502364
234	MCM3	1.8744435	3.3213504	2.1654208	4.5400907	7.5377667	9.8294924	0.90652013	6.53E-02	1.66E-02	41.42259025
235	KRT18	1.8744435	3.8720139	2.1654208	7.244891	8.7675828	8.0053615	1.188466971	4.98E-02	5.54E-03	41.36811838
236	NDUFAB1	1.8744435	2.8096013	2.1654208	6.0269554	8.1688761	7.925186	1.134749868	5.00E-02	6.67E-03	41.04899075
237	CLU	4.309025	6.0441977	4.7244061	9.9896111	10.0819703	11.0007002	1.220192652	4.96E-02	5.05E-03	41.0003459
238	RPP40	1.8744435	2.0230478	2.1654208	3.1012538	7.3757827	8.3708479	0.793104195	9.50E-02	3.24E-02	40.86333087
239	PARK7	4.963444	4.3899364	2.3793449	9.5691497	8.5186068	10.3117986	1.183245174	4.99E-02	5.65E-03	40.73945076
240	TMEM14A	1.8744435	3.7709946	2.9956812	7.6339561	7.5120008	9.0752315	1.154126905	4.99E-02	6.35E-03	39.51249258
241	NTRK2	2.2016907	4.7507076	2.9956812	7.335969	8.2951094	11.0265508	1.093741072	5.10E-02	7.73E-03	39.38100766
242	EIF4E	5.7794294	6.1842483	6.0721689	11.3638154	11.7087024	10.7327567	1.293115393	4.96E-02	4.00E-03	39.1691643
243	CXCL14	4.309025	6.0924064	5.5929159	12.3140128	10.884032	9.1119156	1.127760708	5.02E-02	6.83E-03	39.15476934
244	DIMT1	1.8744435	3.360637	2.3793449	6.4088472	9.2056159	7.6538745	1.116399801	5.03E-02	7.09E-03	38.70718979
245	LOC100129316	1.8744435	2.0230478	2.9956812	4.1976103	8.1852726	8.2662493	0.891568891	6.76E-02	1.80E-02	38.60104563
246	PFDN1	1.8744435	2.0230478	2.1654208	7.2911484	5.5764175	8.3090028	1.105638493	5.06E-02	7.43E-03	38.53508315
247	SYBU	1.8744435	2.0230478	2.1654208	6.6046733	7.2874192	9.3454959	1.249210792	4.96E-02	4.62E-03	38.43560364
248	TMEM159	1.8744435	2.0230478	2.9956812	5.5826351	7.2874192	9.4918525	1.043832883	5.22E-02	9.21E-03	38.43560364
249	SDHB	1.8744435	2.0230478	2.1654208	4.8170878	7.2874192	7.4397554	0.975021932	5.66E-02	1.20E-02	38.43560364
250	PM20D2	1.8744435	3.8720139	2.3793449	6.6408414	9.1313973	7.7500915	1.093785567	5.10E-02	7.72E-03	38.30294505
251	TSPAN6	3.8197323	2.0230478	2.1654208	9.062674	6.9073747	8.9457427	1.209016548	4.98E-02	5.24E-03	37.86890311
252	CHMP2B	1.8744435	2.8096013	4.2859964	9.7205099	7.5377667	7.093631	1.061990088	5.15E-02	8.61E-03	37.25049072
253	RFK	1.8744435	3.3213504	2.1654208	8.4987997	7.0925914	8.0564393	1.244846221	4.96E-02	4.68E-03	37.22365586
254	MTDH	5.3044627	5.1480825	3.9352215	10.5107958	9.2530552	9.5904678	1.152706596	4.99E-02	6.36E-03	36.92006254
255	ARHGEF25	2.993831	2.8096013	3.9083598	8.2521782	6.6948447	9.1119156	1.053500437	5.19E-02	8.90E-03	36.84905737
256	CHPT1	4.2098819	3.360637	3.9352215	8.9732809	9.7262434	8.5597232	1.25682892	4.96E-02	4.51E-03	36.73507144
257	PRKG1	1.8744435	2.0230478	2.9956812	7.0702087	7.5120008	7.6538745	1.232993795	4.96E-02	4.82E-03	36.6506059
258	RERG	3.8399484	2.0230478	2.9956812	6.4903918	9.0351732	8.6118796	1.08336884	5.13E-02	8.04E-03	36.63688122
259	CCL21	5.2636993	3.3213504	3.7641245	6.2771857	8.9417534	12.2913492	0.903857128	6.57E-02	1.68E-02	36.19275114
260	CAT	4.6820765	2.8096013	3.9352215	7.9829919	8.65436	9.9080797	1.110357196	5.05E-02	7.27E-03	36.08658372
261	DDX1	4.815804	3.3213504	2.1654208	7.7708426	9.2762025	8.4871122	1.09502981	5.10E-02	7.67E-03	35.8962651
262	SRP14	5.2636993	2.406905	3.9352215	9.0891013	8.0122661	9.6076956	1.070121757	5.14E-02	8.36E-03	35.60183646
263	METTL9	4.2634629	2.0230478	2.1654208	7.3137327	6.8260777	9.6162329	1.045489091	5.22E-02	9.15E-03	35.46470088
264	C14orf2	4.6820765	4.3513152	2.3793449	9.8224753	8.3687411	9.3038231	1.167914156	4.99E-02	6.04E-03	35.27071303
265	SRGN	6.5861495	2.0230478	5.2252164	11.7256736	8.734539	7.9524091	0.878735799	7.00E-02	1.94E-02	35.24933404
266	SNRPE	3.8399484	2.0230478	2.1654208	8.6748743	7.1604986	8.7732587	1.217994037	4.96E-02	5.07E-03	35.19871284
267	VEZT	3.8197323	3.3213504	3.3243747	8.5183788	8.9513724	6.1659595	0.946979859	5.93E-02	1.35E-02	35.05722834
268	THOC7	4.2098819	3.3213504	2.1654208	7.9107527	8.4387969	9.33519	1.190097301	4.98E-02	5.51E-03	34.90370026
269	CDC14B	1.8744435	2.406905	2.1654208	6.988347	8.7456379	7.0438915	1.250934032	4.96E-02	4.62E-03	34.6288712
270	SACM1L	2.2016907	3.3213504	4.2859964	7.3137327	8.6425333	8.932131	1.108018963	5.06E-02	7.32E-03	34.58421951
271	HES1	6.8989234	4.8079702	5.2252164	9.9140164	11.5859378	10.6603018	1.114131182	5.04E-02	7.15E-03	34.4407878
272	TCEAL4	2.993831	3.3213504	4.2859964	10.2547666	8.4250552	6.8257955	1.031032678	5.29E-02	9.63E-03	34.38493745
273	NDUFA4	4.2634629	4.8304956	4.9444683	9.3517316	9.7703857	12.0792452	1.236006231	4.96E-02	4.80E-03	34.01899484
274	ADH1B	4.7435639	3.8720139	6.0721689	8.9518406	10.150381	10.8092119	1.104534829	5.06E-02	7.48E-03	33.82051586
275	IFT46	2.2016907	2.0230478	2.3793449	7.268205	8.2799211	6.069928	1.136970343	5.00E-02	6.62E-03	33.50987303
276	TTF1	2.993831	4.4133226	2.1654208	8.2166637	7.2253537	8.2877844	1.049775849	5.19E-02	9.01E-03	33.35735192
277	TPM1	5.2636993	6.1842483	3.3243747	8.8160436	10.3158996	11.1014343	1.066630038	5.14E-02	8.44E-03	33.17904161
278	7-Sep	6.3447976	4.8304956	4.7244061	9.1593751	9.8802157	11.924578	1.06062609	5.15E-02	8.65E-03	33.12205037
279	FAM110B	4.2098819	2.0230478	2.1654208	7.0702087	8.7007207	7.7807893	1.097027787	5.09E-02	7.63E-03	33.06334689
280	TMSB4X	8.9960085	8.6447292	9.4260873	14.3968235	14.0332022	13.8620403	1.259227779	4.96E-02	4.47E-03	32.83570884
281	GBP2	4.2634629	3.360637	4.7549172	8.6484622	9.7865969	8.4683738	1.116751851	5.03E-02	7.08E-03	32.71044977
282	ASNSD1	2.2016907	2.0230478	2.1654208	7.0434341	7.1604986	8.5947028	1.284977565	4.96E-02	4.09E-03	32.45539202
283	ATF6	5.7794294	4.7365865	2.3793449	9.7539295	9.7429554	8.6786124	1.056318328	5.18E-02	8.84E-03	32.14158087
284	RBM3	6.7367617	6.537655	5.018694	10.8947292	11.7353942	11.3621946	1.203181806	4.98E-02	5.33E-03	31.96968146
285	RPS24	8.3134756	7.885522	8.6164969	12.7649469	13.3049818	13.8789899	1.218459898	4.96E-02	5.07E-03	31.81215456
286	TRAPPC6B	2.2016907	2.0230478	2.1654208	7.147675	6.5504789	7.8108476	1.222360087	4.96E-02	5.03E-03	31.60879706
287	SKP1	4.6820765	4.8079702	3.3243747	9.4313502	9.2452562	9.784751	1.225655084	4.96E-02	4.98E-03	31.48910377
288	OS9	4.309025	5.1480825	5.2176156	11.0304667	10.1208497	8.6118796	1.113179533	5.04E-02	7.19E-03	31.40162226
289	AKAP9	3.8399484	3.360637	5.3892653	8.8081111	10.5835916	8.3299138	1.079168649	5.13E-02	8.15E-03	31.32574214
290	BOLA3	3.8399484	3.7709946	2.1654208	8.2404369	7.2567201	8.7884466	1.08392778	5.13E-02	8.01E-03	30.87780167
291	RHOB	9.0997518	8.0894025	8.050877	13.6197313	12.9966452	13.4747732	1.19389932	4.98E-02	5.46E-03	30.81942645
292	ZFYVE28	2.2016907	2.0230478	3.9083598	6.7105675	7.5879581	8.8476482	1.083584421	5.13E-02	8.04E-03	30.68131477
293	PPP3R1	4.2098819	4.3899364	3.9352215	9.4416416	9.1482234	8.4106527	1.17928695	4.99E-02	5.83E-03	30.66118368
294	HSP90AA1	8.3134756	8.5442716	9.4311157	13.6455578	14.3384757	12.7440469	1.111956607	5.04E-02	7.24E-03	30.00976133
295	SOD3	6.8201191	4.3513152	8.6427428	9.4820885	11.7256177	11.7513159	0.8413111	7.90E-02	2.38E-02	29.97106828
296	SMOC2	4.7435639	4.3899364	6.0540376	10.1106434	8.3250145	10.9543163	1.011459622	5.41E-02	1.03E-02	29.86282523
297	CHMP5	4.6394091	3.3213504	4.4498938	8.4588258	8.1852726	10.3378421	1.068286689	5.14E-02	8.39E-03	29.11967163
298	BUD31	2.2016907	3.360637	3.3243747	6.9310735	8.1852726	8.9592273	1.135809126	5.00E-02	6.65E-03	29.05869226
299	ATF1	4.309025	3.360637	2.9956812	7.8502387	9.1229101	8.818351	1.171785545	4.99E-02	5.95E-03	28.93126406
300	KIAA0040	2.993831	4.4133226	5.2252164	8.5661948	9.2608123	9.8657454	1.11379844	5.04E-02	7.17E-03	28.7898761
301	UROD	5.2636993	3.3213504	2.3793449	8.7513276	7.2253537	10.0968205	1.019126456	5.34E-02	9.98E-03	28.76033974
302	OXA1L	3.3509967	3.7709946	3.9352215	8.1924923	8.4250552	8.833074	1.196354418	4.98E-02	5.41E-03	28.67050844
303	CHCHD5	4.2634629	3.360637	3.3243747	7.0702087	9.4147603	8.1996456	1.017902709	5.35E-02	1.01E-02	28.62112774
304	TADA3	3.8399484	3.8720139	2.1654208	8.0246608	7.8365643	8.7108559	1.118860945	5.03E-02	7.02E-03	28.61782399
305	ADCY3	6.0548278	4.9115166	4.5083337	8.5848861	9.7429554	11.0007002	1.005622578	5.45E-02	1.06E-02	28.47134779
306	BOD1L	4.6820765	4.8304956	4.2859964	9.5116965	9.4286003	9.5904678	1.251495541	4.96E-02	4.58E-03	28.4354758
307	RSF1	6.0082059	4.7365865	5.2252164	10.9371717	10.0375054	9.3658894	1.103321921	5.06E-02	7.49E-03	28.09592371
308	NUTF2	5.0569476	3.360637	2.3793449	8.167909	8.9798503	8.0311264	1.044201536	5.22E-02	9.19E-03	27.9983901
309	KDM3B	2.993831	2.8096013	3.3243747	8.0915413	7.1604986	8.1298183	1.157265402	4.99E-02	6.26E-03	27.96292869
310	ZNF22	4.6820765	2.8096013	2.9956812	9.3894343	7.6124139	9.0119393	1.135202924	5.00E-02	6.65E-03	27.91198177
311	PRSS23	5.3285264	2.8096013	3.9083598	10.2518454	6.2722716	8.7108559	0.858015062	7.44E-02	2.15E-02	27.90585885
312	MTRNR2L8	8.9840072	11.9710046	12.3604928	13.7854529	16.0492172	17.4110649	0.883344973	6.91E-02	1.89E-02	27.88554783
313	MAT2B	5.3354128	4.3513152	3.9352215	10.1298639	8.3543123	9.2054107	1.062231312	5.15E-02	8.60E-03	27.75067801
314	PHF20L1	3.3509967	4.3899364	2.3793449	7.1725999	8.1522912	8.4106527	1.020552807	5.34E-02	9.94E-03	27.72767982
315	GRIP2	2.993831	2.8096013	2.3793449	7.5976045	6.6002221	8.8763623	1.118420778	5.03E-02	7.04E-03	27.62692888
316	ANAPC4	1.8744435	2.0230478	2.1654208	6.8092213	6.6483084	9.1594204	1.207263617	4.98E-02	5.29E-03	27.59191082
317	CAMK2N1	5.2636993	3.360637	5.5715986	10.1519689	9.062059	10.0408434	1.108563382	5.06E-02	7.32E-03	27.4197623
318	CKLF	2.2016907	2.0230478	3.9083598	4.9379926	7.7510357	8.6786124	0.877062992	7.04E-02	1.97E-02	27.28909407
319	CCDC23	4.2098819	2.0230478	2.1654208	7.5790795	6.0753543	8.9725869	0.977973225	5.65E-02	1.18E-02	27.14670171
320	RGL1	4.309025	3.7709946	2.9956812	8.5280696	9.3580333	7.550782	1.08762538	5.11E-02	7.91E-03	27.0409702
321	MAGEH1	5.2636993	2.0230478	3.9352215	9.6556819	8.6892694	8.577319	1.100456639	5.08E-02	7.55E-03	26.98429144
322	ABHD14B	5.3044627	3.3213504	5.2252164	7.8031272	10.1669886	9.9759882	0.988655221	5.59E-02	1.14E-02	26.92308403
323	MGC23270	3.3509967	2.406905	2.1654208	6.9015613	7.0213307	8.2662493	1.100364081	5.08E-02	7.56E-03	26.65141881
324	DBI	4.7435639	4.3899364	4.2859964	9.1214689	8.0305306	9.7307362	1.05073765	5.19E-02	8.99E-03	26.56643051
325	2-Sep	6.7650859	4.7365865	4.5083337	10.9924701	9.2374148	10.6561678	1.066092671	5.14E-02	8.47E-03	26.52132722
326	TENC1	3.3509967	2.406905	3.9352215	8.0784109	9.9248413	6.7657063	1.052737588	5.19E-02	8.94E-03	26.49070248
327	DCN	8.6910467	8.181467	9.3748148	15.5515758	13.4094336	12.6823704	1.095932971	5.09E-02	7.65E-03	26.32546136
328	FKBP3	3.3509967	3.8720139	2.1654208	8.3206874	8.0663803	7.8691489	1.158907362	4.99E-02	6.22E-03	26.27071633
329	PPP1CC	5.0569476	6.0726357	5.6099449	10.3231579	8.8210275	11.2569347	1.006896922	5.45E-02	1.06E-02	26.23121993
330	DNAJC19	5.3285264	3.3213504	2.1654208	7.7378191	7.7728978	10.0408434	0.99185007	5.56E-02	1.12E-02	26.2149345
331	H3F3C	7.5469748	6.0441977	6.8006628	12.0121399	12.0392592	10.7561217	1.101892388	5.07E-02	7.52E-03	26.20779302
332	SMARCA5	4.6820765	4.3513152	3.9352215	9.0956332	9.1143726	8.6456318	1.15158858	4.99E-02	6.38E-03	26.18030923
333	CSTF2T	3.0245043	2.406905	2.9956812	7.704022	6.7836452	8.2443879	1.128249261	5.02E-02	6.82E-03	26.14278261
334	OSBPL8	5.3162271	4.3513152	4.4498938	10.0412806	9.1565634	7.4397554	0.911676464	6.44E-02	1.61E-02	26.11251738
335	NR2F1	4.7435639	2.8096013	3.3243747	9.4209849	7.5120008	9.3454959	1.114643822	5.04E-02	7.13E-03	26.0353434
336	SSPN	3.8399484	2.406905	4.5083337	9.4157741	6.6483084	8.5419101	0.965854952	5.74E-02	1.25E-02	26.02744303
337	API5	1.8744435	2.406905	4.7549172	6.5675757	8.0305306	9.1358635	0.997656928	5.54E-02	1.10E-02	25.86863709
338	TRMT112	6.8989234	6.1842483	5.5929159	10.5682844	10.2858018	11.7532525	1.069532789	5.14E-02	8.37E-03	25.8642226
339	APPL2	3.8399484	4.3513152	2.1654208	8.5183788	8.3101394	8.6786124	1.141669697	5.00E-02	6.55E-03	25.60636104
340	MRPL24	4.6820765	3.3213504	2.1654208	7.3794393	7.9937674	8.0053615	0.976133088	5.66E-02	1.19E-02	25.49985287
341	ESYT2	3.3509967	3.7709946	4.4498938	8.4384157	8.5314896	8.3908876	1.127210629	5.02E-02	6.84E-03	25.41170312
342	HSP90B1	6.8201191	4.8079702	5.5446534	10.8490686	10.1955997	9.9559492	1.047493482	5.21E-02	9.11E-03	25.12316303
343	NUCB2	6.4876101	3.7709946	3.7641245	9.2499997	8.4524089	8.4106527	0.857158159	7.47E-02	2.16E-02	25.04634492
344	UBAC1	2.2016907	2.0230478	2.1654208	6.8092213	7.5630806	6.1659595	1.133065064	5.01E-02	6.70E-03	24.99903401
345	TAF1A	5.982974	4.9115166	4.9444683	9.6334087	8.6892694	10.6226625	0.989629606	5.58E-02	1.13E-02	24.92788342
346	ALPK1	4.2634629	3.8720139	5.2176156	8.5086224	8.9798503	9.14769	1.054759492	5.19E-02	8.87E-03	24.8747231
347	SLIT3	4.815804	3.3213504	5.2252164	9.8536389	7.6124139	9.482544	0.972251656	5.70E-02	1.21E-02	24.73397869
348	AP3B1	3.8399484	3.360637	2.1654208	7.7378191	7.9750285	7.9791282	1.121219722	5.03E-02	6.96E-03	24.49459452
349	LOC649395	6.7367617	7.440099	6.7371315	11.4529988	11.3698308	11.3494495	1.107263721	5.06E-02	7.36E-03	24.4656859
350	PPAP2A	5.6586086	4.3899364	4.7244061	8.9944071	9.1057844	10.2745294	1.051192411	5.19E-02	8.97E-03	24.32673452
351	EID1	5.7445127	3.8720139	6.0125266	11.0490962	8.4658937	8.7884466	0.878311349	7.02E-02	1.95E-02	24.14880415
352	MSX1	5.7794294	6.7629335	8.0377511	11.3474884	11.3929577	10.7209308	0.966291352	5.73E-02	1.25E-02	23.99322086
353	A2M	6.5540448	6.2280676	6.9199049	10.3990542	11.2848856	11.5023526	1.083873977	5.13E-02	8.02E-03	23.95820173
354	RAB1A	6.186289	6.0497213	6.2829045	11.157649	10.7581544	9.6581778	1.034098858	5.29E-02	9.55E-03	23.78310968
355	KAT8	4.309025	2.8096013	3.7641245	7.3794393	7.7728978	8.985824	1.002544307	5.47E-02	1.08E-02	23.74971006
356	ANKRD10	6.5861495	4.7507076	6.0125266	9.6198778	9.8289569	11.1522193	0.986272516	5.60E-02	1.15E-02	23.6877588
357	TRPT1	2.2016907	3.3213504	2.1654208	5.4258059	8.1688761	6.7657063	0.911731758	6.44E-02	1.61E-02	23.65405426
358	COX5A	4.309025	3.8720139	4.7244061	8.4072489	9.5475254	8.8620767	1.112669548	5.04E-02	7.21E-03	23.47497516
359	COX8A	7.2186326	6.3520696	6.6706745	10.8118669	11.2226976	11.9635729	1.098023629	5.08E-02	7.60E-03	23.45824348
360	EIF3H	6.6482929	7.2617905	7.4620859	11.8164541	11.8126287	11.4838112	1.13843463	5.00E-02	6.60E-03	23.43898524
361	DYNLT3	5.8565586	3.8720139	3.7641245	8.6305817	8.3101394	9.2825265	0.944532411	5.96E-02	1.37E-02	23.36075252
362	SYTL2	2.2016907	2.406905	2.9956812	6.9015613	6.7399276	9.6076956	1.106061098	5.06E-02	7.42E-03	23.23514746
363	ARHGAP15	1.8744435	3.3213504	4.7549172	6.4088472	7.4318221	9.5375148	0.895945684	6.69E-02	1.76E-02	23.17349422
364	RGMB	4.2098819	4.8079702	5.2252164	9.001381	8.8210275	9.7541334	1.06704067	5.14E-02	8.42E-03	23.0855306
365	DNAJC14	3.8399484	2.0230478	2.9956812	8.1174489	7.1604986	7.5147138	1.067880987	5.14E-02	8.40E-03	22.92790359
366	HSPA7	5.3354128	6.1390574	9.7496192	12.948898	13.5238541	9.8513533	0.910560836	6.47E-02	1.63E-02	22.87881682
367	SELENBP1	4.6394091	4.7365865	6.0316576	9.1531261	9.3214118	10.4519348	1.033273507	5.29E-02	9.56E-03	22.84358288
368	RSL24D1	6.9736463	6.5720715	5.5715986	10.0846112	11.6028209	10.54877	1.001229982	5.50E-02	1.09E-02	22.83243116
369	CTSO	5.3285264	6.3119075	5.018694	10.4610743	9.5283729	10.3984929	1.077450578	5.13E-02	8.18E-03	22.77973184
370	DDIT4	3.0245043	2.8096013	2.9956812	7.5025051	8.0839766	6.9389568	1.115607564	5.03E-02	7.11E-03	22.73469649
371	ADAM22	1.8744435	2.406905	4.4498938	6.7105675	6.9073747	8.5056104	0.945001049	5.96E-02	1.37E-02	22.63478525
372	TMEM176B	5.6586086	5.3406193	6.3558005	10.8548558	8.8104958	10.5443033	0.961176425	5.78E-02	1.27E-02	22.61260454
373	SPRY1	6.2275774	3.360637	6.0316576	11.2202607	7.8571772	8.8620767	0.802939311	9.12E-02	3.03E-02	22.57321793
374	FHL1	6.3818471	3.360637	6.3558005	10.515675	9.0351732	10.8747201	0.973697034	5.68E-02	1.20E-02	22.51591121
375	HNMT	3.8197323	4.8304956	4.7549172	8.5280696	8.3101394	10.3274811	1.025699356	5.31E-02	9.77E-03	22.4774594
376	SCRN1	4.815804	4.8079702	2.3793449	7.8190025	7.5377667	9.3038231	0.891362841	6.77E-02	1.80E-02	22.44028499
377	TUBA1C	5.6586086	6.6385363	4.7549172	8.5941417	11.4483541	10.1329672	0.922344888	6.24E-02	1.52E-02	22.2288063
378	PHYHD1	4.2098819	3.360637	5.7236017	7.8347051	8.6777266	9.7463764	0.931379512	6.13E-02	1.46E-02	22.12866754
379	LOC100506710	5.3044627	3.360637	2.9956812	8.2753779	7.4590463	8.985824	0.947114485	5.93E-02	1.35E-02	22.06006448
380	SARNP	4.2098819	4.7365865	4.2859964	7.3578678	8.7456379	9.9693394	0.94549733	5.96E-02	1.36E-02	22.00320019
381	RRAS2	2.2016907	3.8720139	4.5083337	8.3860905	7.8156527	8.3299138	1.041137027	5.22E-02	9.28E-03	21.97665491
382	TBL1XR1	6.1437849	5.3406193	6.3692392	10.8197789	7.9937674	10.7676638	0.824889773	8.45E-02	2.66E-02	21.86482197
383	PEX19	5.7003762	3.3213504	2.1654208	7.7708426	7.2567201	9.8072951	0.900027743	6.63E-02	1.71E-02	21.8489524
384	TMEM223	4.6394091	2.0230478	2.1654208	5.7241063	7.7288372	9.0875635	0.905246977	6.54E-02	1.67E-02	21.82870119
385	MBNL2	5.3285264	5.7897017	6.1759311	10.6636862	8.3101394	10.2139459	0.877773417	7.03E-02	1.96E-02	21.46991007
386	FOXJ2	3.3509967	2.8096013	4.9444683	7.7708426	9.3724255	6.8257955	0.905385776	6.54E-02	1.67E-02	21.40455473
387	LMO4	7.4101728	5.4346801	7.9563845	11.8263061	11.9033876	11.1522193	1.029960252	5.29E-02	9.67E-03	21.34954394
388	HDGFRP3	4.6394091	2.8096013	2.3793449	7.147675	7.2253537	8.0564393	0.932125716	6.11E-02	1.46E-02	21.34390766
389	STEAP4	6.5540448	6.9314777	7.3175252	10.1829712	11.3445033	13.8917924	1.000010753	5.52E-02	1.09E-02	21.30360368
390	SPTSSA	6.0082059	6.3119075	6.4507011	10.6190426	10.8739517	10.4132654	1.110892866	5.05E-02	7.26E-03	21.18629628
391	C8orf84	1.8744435	4.3899364	2.1654208	6.2771857	8.7784313	7.0438915	0.941363386	6.01E-02	1.39E-02	21.15229292
392	ZFP90	3.8197323	2.406905	3.9083598	6.8092213	7.6364622	8.5947028	0.963704308	5.75E-02	1.26E-02	21.14604998
393	ARID4B	5.0569476	4.9115166	6.0540376	10.5326233	9.4558882	7.8691489	0.856200545	7.49E-02	2.18E-02	21.09662862
394	PDCD6	2.2016907	3.8720139	2.1654208	5.5826351	6.6002221	8.6118796	0.870486295	7.17E-02	2.03E-02	21.09064583
395	EFR3A	4.6394091	3.7709946	2.3793449	7.5413002	9.7262434	6.7657063	0.908557594	6.51E-02	1.65E-02	20.91348244
396	OLA1	3.8399484	5.3621423	4.9444683	7.7210195	9.7484834	9.5011013	0.9418973	5.99E-02	1.39E-02	20.91318791
397	USPL1	4.309025	3.3213504	3.9352215	7.4827092	8.3971729	8.6948242	1.027712499	5.31E-02	9.73E-03	20.90533531
398	EFHA1	1.8744435	3.360637	2.1654208	6.988347	7.1604986	6.2560101	1.011052628	5.42E-02	1.04E-02	20.84409197
399	EEF1G	9.127293	9.6471417	9.3695859	13.1140369	14.0226902	13.8812053	1.053201682	5.19E-02	8.93E-03	20.75732369
400	ITGA7	6.0999914	4.9115166	6.3558005	8.4588258	10.4710706	10.8888821	0.897019636	6.68E-02	1.74E-02	20.69311928
401	PDP1	3.8399484	4.3899364	4.2859964	8.2285993	8.5186068	8.7579092	1.087176846	5.11E-02	7.94E-03	20.64861088
402	MRPL18	4.2634629	4.8079702	2.9956812	8.2285993	9.8237295	7.3606902	0.955885588	5.84E-02	1.30E-02	20.60623361
403	UQCRC2	5.3354128	4.7365865	4.5083337	8.7677808	9.2056159	9.6989376	1.059299864	5.17E-02	8.74E-03	20.58504727
404	ARFIP1	4.6820765	4.3899364	3.3243747	8.7513276	6.4455364	9.4156466	0.858203205	7.44E-02	2.15E-02	20.55462698
405	DNAJB9	5.7445127	3.8720139	5.3892653	9.4518602	10.1036991	8.6288544	0.982707351	5.63E-02	1.17E-02	20.52323742
406	ZFAND1	4.6394091	3.8720139	3.3243747	7.2911484	8.9985279	8.8620767	1.003702266	5.46E-02	1.07E-02	20.52227622
407	GNAI2	7.4279993	6.270596	7.1809309	11.7682045	10.2550627	11.7800947	0.985472847	5.61E-02	1.15E-02	20.42260955
408	PTPN18	3.8197323	4.7365865	3.7641245	7.8808129	8.1688761	9.33519	1.012778724	5.40E-02	1.03E-02	20.38087076
409	TLN1	5.3162271	5.3621423	5.5715986	9.2263843	9.7093356	10.0022812	1.058853562	5.17E-02	8.76E-03	20.35333457
410	RAB10	5.3044627	4.3899364	4.7549172	9.5549994	9.63965	8.6786124	1.075372865	5.13E-02	8.21E-03	20.18465892
411	NR2F2	9.0602887	4.8304956	6.976024	11.1435335	11.3019035	13.1437919	0.95581188	5.84E-02	1.30E-02	20.05485407
412	GMPR	3.3509967	2.8096013	2.1654208	6.4903918	7.0925914	9.0119393	1.036515929	5.26E-02	9.47E-03	20.04222754
413	MSH6	4.2634629	2.8096013	3.7641245	6.4501951	8.0839766	8.6622163	0.906915941	6.52E-02	1.66E-02	19.97124046
414	PDLIM3	4.7435639	4.4133226	4.7549172	7.0434341	9.062059	9.7695234	0.870842761	7.17E-02	2.03E-02	19.95246522
415	RNF103	3.8197323	3.3213504	5.018694	7.7708426	8.4792536	8.1298183	0.947644285	5.93E-02	1.35E-02	19.83650498
416	H1FX	8.234634	5.4346801	6.3692392	10.481169	11.5704161	10.6685344	0.910275693	6.47E-02	1.63E-02	19.68868936
417	TBC1D15	6.6175557	6.270596	6.0560619	10.6482176	10.9138572	9.4350787	0.947903505	5.93E-02	1.35E-02	19.64787657
418	FAM102B	4.2634629	2.0230478	3.3243747	6.4501951	7.6124139	8.0053615	0.911657173	6.44E-02	1.61E-02	19.53567509
419	SNRPD2P2	7.2389721	6.3520696	6.3558005	10.1890925	10.7360641	11.5183831	0.982350109	5.63E-02	1.17E-02	19.41918907
420	TINF2	4.2634629	3.360637	2.3793449	7.4827092	6.6483084	9.1239392	0.947284605	5.93E-02	1.35E-02	19.27906972
421	CD9	3.8197323	3.7709946	3.3243747	8.0382872	9.1648555	7.141714	1.02651993	5.31E-02	9.74E-03	19.2567535
422	FAM36A	4.7435639	5.297868	4.5083337	9.3017621	8.2799211	9.5642342	0.997051405	5.54E-02	1.11E-02	19.24439227
423	ENY2	4.6820765	2.0230478	3.3243747	8.6748743	7.4318221	7.5859707	0.986572336	5.60E-02	1.14E-02	19.18086683
424	CYB561D2	3.8399484	3.3213504	2.3793449	6.6408414	8.3250145	7.0438915	0.940667677	6.01E-02	1.40E-02	19.17954452
425	MUT	5.8972917	2.0230478	4.5083337	7.0434341	8.7675828	9.0248218	0.819358001	8.61E-02	2.75E-02	19.14968888
426	WAC	6.7367617	5.3621423	7.0300422	9.6198778	9.7758097	13.1124517	0.891139399	6.78E-02	1.81E-02	19.12960958
427	ZMAT2	6.1437849	3.360637	4.5083337	8.5755707	8.922321	8.7579092	0.893293167	6.72E-02	1.78E-02	19.02171579
428	C1S	6.9491661	7.0583001	8.26876	11.7538223	11.1925978	11.8101721	0.985498012	5.61E-02	1.15E-02	18.94088318
429	C11orf73	4.2098819	4.3899364	3.7641245	7.5976045	8.5569151	8.6288544	1.000992882	5.50E-02	1.09E-02	18.88171674
430	HSD17B11	6.2275774	4.8304956	5.6099449	9.8727797	8.9892193	10.4614424	0.971245962	5.71E-02	1.22E-02	18.81569836
431	ANKS1B	5.3162271	3.8720139	4.9444683	8.1428995	9.5475254	8.7267115	0.94148941	6.00E-02	1.39E-02	18.78225317
432	SNHG6	7.1980024	7.1522986	7.6289155	11.0029324	11.4243795	13.1460046	1.023424431	5.33E-02	9.86E-03	18.71829485
433	PDK4	8.9658158	6.7328249	6.7371315	10.9552425	12.4048378	11.1135456	0.866897983	7.22E-02	2.05E-02	18.66699306
434	CADM1	4.2098819	4.3899364	3.7641245	6.6408414	8.4250552	9.6989376	0.886860184	6.84E-02	1.85E-02	18.57349372
435	TAGLN	8.8382996	10.9961008	9.5421815	12.5235071	14.8358001	15.2107773	0.914652188	6.37E-02	1.59E-02	18.56709887
436	AMD1	4.6820765	5.3406193	6.7692467	10.575312	9.7149936	8.8763623	0.908125705	6.51E-02	1.65E-02	18.30652211
437	TFG	4.7435639	4.8079702	2.3793449	8.2521782	8.9985279	8.0053615	0.963965378	5.75E-02	1.26E-02	18.25927754
438	RPS18	10.4802403	11.0413399	10.7568342	13.8496561	15.3851924	14.9356243	0.935240153	6.09E-02	1.43E-02	18.11094714
439	AIMP1	5.7445127	5.297868	4.9444683	9.1214689	9.7262434	9.6827716	1.030541317	5.29E-02	9.65E-03	18.08849656
440	COL12A1	5.3162271	4.8079702	6.7042855	10.8739807	9.7093356	8.6288544	0.894287853	6.72E-02	1.77E-02	17.99713286
441	SEPN1	6.0999914	5.6616851	4.5083337	10.3147842	8.4658937	9.8294924	0.917366135	6.33E-02	1.57E-02	17.97359722
442	ADM	6.1437849	5.1480825	6.0316576	9.261664	10.6908421	10.1969719	0.999143484	5.52E-02	1.10E-02	17.94256562
443	HSD17B12	5.4911209	3.3213504	3.9083598	9.3571784	7.4857665	9.3557287	0.965308956	5.74E-02	1.26E-02	17.93139787
444	PRINS	3.0245043	4.4133226	3.7641245	6.6046733	7.9173057	8.9592273	0.900498166	6.63E-02	1.71E-02	17.79230067
445	RPL31	9.4617995	10.2275206	9.9968644	13.6106387	14.2235993	14.3361442	1.021311537	5.34E-02	9.93E-03	17.7388341
446	TMSB10	7.7305591	8.5268269	8.5897647	13.1027323	12.6739156	10.9710537	0.889019108	6.81E-02	1.83E-02	17.71732251
447	SPARC	9.1860944	8.6924512	9.1794888	14.13433	12.8358717	13.251156	1.051950508	5.19E-02	8.95E-03	17.67233245
448	NR1D2	4.815804	4.8304956	5.9741452	8.9518406	9.1565634	9.5375148	0.960093161	5.79E-02	1.28E-02	17.58211353
449	RGS4	2.993831	3.360637	4.9444683	8.7513276	7.1269443	7.8108476	0.914472915	6.37E-02	1.59E-02	17.54652348
450	PSMA2	5.7003762	4.7365865	5.2176156	10.013954	9.3361721	8.8034763	0.991486891	5.57E-02	1.12E-02	17.37036986
451	KHDRBS3	2.2016907	4.9115166	6.0540376	6.988347	9.2374148	9.0248218	0.789226734	9.63E-02	3.31E-02	17.30725824
452	PRMT3	5.7445127	3.3213504	2.9956812	7.704022	7.0925914	9.1239392	0.821794565	8.54E-02	2.71E-02	17.1116875
453	AHNAK	6.5540448	7.3033622	6.2829045	11.399889	8.7675828	11.3443198	0.810769582	8.88E-02	2.90E-02	17.10714203
454	GHITM	5.982974	3.360637	4.7244061	8.8160436	8.8418632	8.577319	0.897948926	6.67E-02	1.73E-02	17.04926294
455	DNAJC24	4.309025	2.8096013	3.7641245	5.8529567	8.3971729	8.3090028	0.82869478	8.30E-02	2.59E-02	17.00807471
456	TMEM183B	3.3509967	3.7709946	4.2859964	6.9599943	7.8571772	8.7108559	0.933450583	6.10E-02	1.45E-02	16.98492089
457	MRPL3	4.7435639	4.3899364	2.3793449	7.7708426	8.7233541	8.4683738	0.986593546	5.60E-02	1.14E-02	16.89398154
458	CASQ2	3.8197323	2.0230478	2.1654208	6.8406623	5.1121088	7.8974394	0.830920851	8.23E-02	2.56E-02	16.88543107
459	PPP1R12A	7.021395	6.4291897	6.5278107	10.0846112	10.6618412	11.0861509	0.964224668	5.75E-02	1.26E-02	16.73452716
460	ABCC9	3.8197323	4.8304956	4.7549172	7.8808129	8.65436	9.9759882	0.982279682	5.64E-02	1.17E-02	16.69195001
461	GPM6B	5.3162271	4.3513152	3.7641245	7.7210195	9.3724255	8.932131	0.948805259	5.92E-02	1.34E-02	16.63555852
462	FOXN2	3.8399484	3.8720139	3.9352215	6.8092213	7.9173057	8.7884466	0.913991292	6.39E-02	1.59E-02	16.51027049
463	ASPN	1.8744435	4.3899364	4.9444683	8.9873994	7.89754	8.3299138	0.982650155	5.63E-02	1.17E-02	16.48327601
464	C9orf167	4.815804	2.0230478	3.3243747	7.244891	7.4857665	7.3606902	0.871058768	7.17E-02	2.03E-02	16.40786315
465	LOC100500773	8.0512583	7.4586165	7.9139132	11.4943695	12.1603217	11.602428	0.979250363	5.64E-02	1.18E-02	16.40146769
466	IMMP2L	4.815804	3.7709946	2.3793449	7.147675	7.3469252	8.8476482	0.888837151	6.81E-02	1.83E-02	16.35708965
467	PPP1CB	8.5678121	8.181467	7.7625708	12.588628	11.3536	12.2189249	0.927113657	6.17E-02	1.50E-02	16.232529
468	GNAI3	5.2636993	4.8304956	4.2859964	9.6289125	7.0925914	8.8476482	0.818569992	8.64E-02	2.77E-02	16.19136378
469	SERPING1	5.3162271	5.6616851	5.5929159	10.4960584	7.8156527	9.6076956	0.831375906	8.22E-02	2.55E-02	16.16475463
470	ZBTB16	8.3513375	5.6616851	6.3558005	10.3588926	10.9113951	9.9424335	0.784356581	9.82E-02	3.43E-02	16.03432866
471	GYPC	7.2186326	4.8304956	5.5446534	8.8317789	10.2743512	10.4278881	0.860338778	7.39E-02	2.12E-02	16.01423883
472	TOMM20	6.7367617	5.7897017	4.5083337	8.4987997	10.9951597	9.6664224	0.855825571	7.51E-02	2.19E-02	15.89461259
473	WBSCR22	4.7435639	4.7365865	3.9083598	8.0109044	9.1565634	7.8974394	0.917255853	6.33E-02	1.57E-02	15.87934642
474	GNPNAT1	1.8744435	3.7709946	2.3793449	5.8529567	7.2253537	7.141714	0.908372026	6.51E-02	1.65E-02	15.76346971
475	IGBP1	5.7003762	6.0361098	6.5278107	10.0105015	11.1618566	9.5642342	0.969565439	5.72E-02	1.23E-02	15.71850025
476	DYNC1I2	5.6586086	5.297868	4.7549172	9.7035053	9.2452562	8.1767432	0.889399583	6.80E-02	1.82E-02	15.42702692
477	RSU1	5.7445127	6.0726357	4.5083337	9.690619	8.0839766	10.2473064	0.855107761	7.53E-02	2.20E-02	15.41332547
478	ANTXR1	4.7435639	5.1957839	6.1759311	9.2732348	9.1398349	9.0248218	0.902145045	6.61E-02	1.70E-02	15.39138307
479	RPS27	11.4342087	11.6153056	12.3217587	15.1118134	15.5442149	16.3577483	0.921934745	6.24E-02	1.53E-02	15.23068926
480	ARID1B	5.7794294	5.4346801	5.2176156	9.7035053	8.734539	9.3959492	0.930611735	6.13E-02	1.47E-02	15.17974807
481	BTG2	8.062715	7.6317881	8.2231054	12.5021549	11.986436	10.4566964	0.836600005	8.05E-02	2.46E-02	15.17601432
482	AP3M1	7.4456083	6.4291897	7.481604	10.9133361	11.6285305	10.3481293	0.902261075	6.60E-02	1.69E-02	15.12580138
483	LRRC41	7.0676142	7.1970971	6.4105447	11.1148814	9.3139746	11.0233447	0.818474757	8.64E-02	2.77E-02	15.11369233
484	ACTB	5.982974	6.7629335	4.4498938	10.5517522	8.9704199	9.8941059	0.890474441	6.79E-02	1.82E-02	15.04416213
485	TMEM106B	4.7435639	3.8720139	3.9352215	9.042531	6.6002221	7.8402926	0.807350554	8.98E-02	2.95E-02	14.98109425
486	RAB2A	6.9977182	6.0726357	5.5969865	10.9022008	9.3795682	10.3583437	0.915125416	6.36E-02	1.58E-02	14.97498509
487	LITAF	7.0901803	6.9314777	6.976024	12.2706547	10.8790006	10.5443033	0.987543534	5.60E-02	1.14E-02	14.9593611
488	CTDSP1	8.1619262	6.3520696	6.7371315	10.6459942	10.2511738	10.9610346	0.8142444	8.76E-02	2.84E-02	14.91926147
489	FAM8A1	4.7435639	4.3513152	4.7244061	8.6215576	7.4040744	9.5904678	0.89368479	6.72E-02	1.77E-02	14.89908179
490	RPL11	10.6550412	10.6763105	11.0461932	14.0123343	14.5823892	14.9356243	0.917420527	6.33E-02	1.57E-02	14.81956399
491	EIF2S3	7.021395	7.0338116	6.3692392	10.2518454	11.8086651	10.4181561	0.935533137	6.08E-02	1.43E-02	14.7496231
492	PFDN2	3.8399484	5.4346801	5.2176156	8.6033384	9.2216029	9.0997909	0.96628903	5.73E-02	1.25E-02	14.74521914
493	COL14A1	5.8565586	6.0924064	6.3267171	11.1731726	9.9681278	9.3143547	0.940714393	6.01E-02	1.40E-02	14.6794039
494	GTF2A2	3.3509967	4.3899364	2.3793449	6.7105675	8.2645713	6.8257955	0.861236018	7.36E-02	2.11E-02	14.66835217
495	MEF2C	4.6820765	4.4133226	3.9352215	7.8031272	8.2175169	10.3835676	0.972453265	5.70E-02	1.21E-02	14.60009264
496	NFIL3	6.6783891	5.3621423	7.4018955	11.2644118	10.5459934	9.6989376	0.893071786	6.73E-02	1.78E-02	14.59704312
497	HTR2A	6.4179694	5.3406193	6.0540376	8.8001347	10.1587087	10.2852763	0.880871193	6.96E-02	1.91E-02	14.59403557
498	MFN2	3.8197323	2.8096013	2.1654208	6.6761254	5.2428646	7.8691489	0.787417336	9.71E-02	3.36E-02	14.58611914
499	MDGA2	2.2016907	2.0230478	2.1654208	6.0269554	5.1121088	8.5419101	0.92651987	6.17E-02	1.50E-02	14.53576003
500	ANXA1	6.0999914	8.8196737	7.4620859	11.9404711	11.3205799	11.0201315	0.86503442	7.28E-02	2.07E-02	14.50515735
501	C11orf10	7.4101728	6.7020747	6.4507011	11.2658605	9.4147603	10.7327567	0.826621276	8.37E-02	2.63E-02	14.47696917
502	NAMPT	7.6416849	6.270596	6.4507011	11.4943695	10.5300335	10.0845675	0.899404137	6.64E-02	1.72E-02	14.44686593
503	GBP4	2.993831	4.3899364	3.9083598	6.8406623	7.4040744	9.1825988	0.885000359	6.86E-02	1.87E-02	14.38836994
504	ZC3H11A	6.7367617	4.9115166	5.018694	10.0547522	8.756652	9.9219195	0.898652074	6.67E-02	1.73E-02	14.37146758
505	CHURC1	5.7003762	4.3899364	5.3892653	9.2263843	7.6601162	10.6395124	0.854047038	7.55E-02	2.21E-02	14.29183243
506	METRN	6.186289	4.8304956	3.9083598	7.7378191	8.4111814	10.1210186	0.800389393	9.24E-02	3.09E-02	14.21615392
507	RGS5	10.1124251	8.214531	8.54408	11.7722875	13.935717	13.3023141	0.875131616	7.08E-02	1.98E-02	14.15551048
508	SNHG12	3.8197323	4.3513152	5.3892653	7.6339561	9.2838364	8.0813159	0.860824133	7.38E-02	2.12E-02	14.06681488
509	ANP32B	7.6263253	7.1060646	6.6362622	10.2012578	11.438128	10.9908856	0.89043607	6.79E-02	1.82E-02	14.04322846
510	SEC22C	5.0569476	4.8079702	4.2859964	8.8855392	7.7510357	8.6118796	0.88811537	6.81E-02	1.84E-02	13.96660489
511	CHRDL1	5.0569476	3.3213504	6.5278107	10.3314833	8.0305306	8.7884466	0.832537837	8.18E-02	2.53E-02	13.96431152
512	UBE2E2	6.0999914	4.8079702	4.4498938	8.6033384	8.0122661	10.0022812	0.828750202	8.30E-02	2.59E-02	13.88416192
513	ATAD1	6.5212096	4.8304956	4.5083337	8.6215576	8.5694617	9.6908773	0.820422617	8.57E-02	2.73E-02	13.84278208
514	PAIP2	7.1123989	6.0604012	6.3267171	10.1829712	10.6352324	9.8441031	0.89769947	6.67E-02	1.73E-02	13.77234114
515	RPL15	10.4146938	10.0798307	10.175278	13.3603952	14.1894599	14.1865251	0.91125945	6.46E-02	1.62E-02	13.68730107
516	GTF2H5	5.3354128	3.3213504	5.3892653	8.4177128	7.0925914	10.1029082	0.793331984	9.49E-02	3.23E-02	13.653898
517	PSMA4	5.7794294	5.6616851	3.7641245	8.6215576	9.5475254	8.4301508	0.845247147	7.79E-02	2.32E-02	13.62416608
518	LOC100129480	5.0569476	4.3513152	6.4105447	8.3967085	9.5601539	8.818351	0.821054607	8.55E-02	2.72E-02	13.56111025
519	MSRB3	5.2636993	5.4346801	4.2859964	8.0382872	9.2608123	9.0248218	0.884650914	6.87E-02	1.87E-02	13.55847085
520	XIAP	6.7650859	6.6706551	5.6099449	10.4174205	10.5138952	9.9080797	0.94272791	5.98E-02	1.38E-02	13.44324316
521	PCBP4	4.6394091	4.9115166	4.7549172	8.4889095	7.8365643	9.3454959	0.90225861	6.60E-02	1.69E-02	13.30588266
522	TMEM109	4.6394091	3.7709946	4.2859964	8.4384157	8.0122661	7.4007641	0.896518772	6.69E-02	1.75E-02	13.23484742
523	RPL13AP20	11.4075	11.9474319	11.7842038	14.668965	15.6678784	15.6610764	0.877873407	7.03E-02	1.96E-02	13.18153468
524	BRP44	5.0569476	4.8079702	2.9956812	8.3537595	8.5819002	8.5238744	0.952738879	5.87E-02	1.32E-02	13.14009898
525	TMEM64	6.3818471	5.8096013	7.4018955	11.1019621	9.4216969	10.225152	0.839898422	7.93E-02	2.41E-02	12.99663839
526	IGFBP3	6.7650859	5.3621423	6.0540376	10.575312	9.7539902	9.0375903	0.855966107	7.51E-02	2.18E-02	12.99561165
527	GFRA1	6.3447976	5.3621423	7.0032858	10.6984324	9.2295305	9.9626598	0.848370253	7.73E-02	2.28E-02	12.95239124
528	OBFC1	4.6820765	4.8079702	3.7641245	6.7442069	8.3687411	10.0784017	0.833824268	8.14E-02	2.50E-02	12.87646451
529	C6orf62	7.1558353	5.3621423	6.3267171	10.4174205	10.0819703	9.0375903	0.806529204	9.02E-02	2.97E-02	12.77674175
530	PSPC1	4.2098819	4.7365865	5.7236017	8.2638247	8.734539	8.4106527	0.848312388	7.73E-02	2.29E-02	12.76451011
531	PPP2R2A	4.815804	5.1957839	5.3892653	8.4281014	8.8624022	9.32481	0.919897851	6.30E-02	1.55E-02	12.69878235
532	CEP68	5.3044627	3.3213504	4.5083337	8.7008115	6.9843361	8.4106527	0.805182069	9.04E-02	2.98E-02	12.6668481
533	NEMF	6.186289	5.297868	2.1654208	8.9518406	9.1057844	8.833074	0.886849834	6.84E-02	1.85E-02	12.58795995
534	ATL1	4.6394091	3.7709946	3.3243747	7.9545288	6.9073747	8.2877844	0.88032251	6.96E-02	1.92E-02	12.53921637
535	CXCL12	7.4971815	7.2617905	9.3107812	12.9583367	10.5459934	12.671147	0.848861391	7.72E-02	2.28E-02	12.53209292
536	FGD5-AS1	6.8201191	6.0726357	6.1759311	10.6962851	9.818483	9.14769	0.828839559	8.30E-02	2.59E-02	12.48870381
537	ARPC3	6.3447976	4.8304956	3.9083598	9.5165726	8.2175169	8.4683738	0.811201413	8.87E-02	2.89E-02	12.44831219
538	FAM200B	4.7435639	5.1957839	3.7641245	7.4827092	7.956043	8.833074	0.812901739	8.81E-02	2.86E-02	12.44323818
539	ARMC1	5.7794294	5.4346801	3.3243747	8.6124767	9.4147603	8.0311264	0.831038389	8.22E-02	2.55E-02	12.4263524
540	NARFL	3.8197323	2.0230478	2.1654208	5.6551006	7.4318221	6.496723	0.852386776	7.59E-02	2.22E-02	12.39814856
541	ETFA	4.7435639	4.9115166	2.1654208	7.3794393	8.2490564	8.5419101	0.874096683	7.10E-02	1.99E-02	12.38389774
542	HDDC2	5.6586086	5.3621423	5.2176156	7.8190025	8.9892193	9.6415459	0.790933841	9.57E-02	3.28E-02	12.35546194
543	PCBD1	5.982974	5.7897017	4.9444683	9.7035053	8.8418632	8.5597232	0.81978204	8.60E-02	2.74E-02	12.25462899
544	GLUL	8.0740814	7.0089004	8.2346552	11.776359	11.6872754	11.5274641	0.938475604	6.03E-02	1.41E-02	12.23713573
545	GCFC2	4.6394091	3.7709946	2.3793449	7.244891	6.8260777	8.2443879	0.846975683	7.76E-02	2.30E-02	12.16765085
546	TCP1	6.0548278	6.1842483	6.8910052	10.3147842	10.4909939	8.9457427	0.821839578	8.54E-02	2.71E-02	12.12563722
547	SF3B1	5.982974	4.3899364	5.6099449	9.5738357	8.8926726	8.985824	0.893056562	6.73E-02	1.78E-02	12.04916889
548	NR3C1	6.2275774	4.7365865	5.9741452	9.5644483	8.8926726	9.6331575	0.870071476	7.18E-02	2.03E-02	12.04450485
549	HNRNPA0	7.8805094	7.0089004	7.8250252	11.8679196	11.0874723	10.5926931	0.855576216	7.51E-02	2.19E-02	11.99027384
550	ANK2	3.8197323	4.3513152	5.3892653	8.9590228	7.1604986	8.1767432	0.804168668	9.08E-02	3.01E-02	11.87419279
551	PPIA	6.5540448	6.7629335	6.3267171	9.5262757	11.0874723	10.1089703	0.873594632	7.10E-02	2.00E-02	11.75274209
552	TRIM4	1.8744435	3.8720139	3.9083598	7.4626381	6.8672984	7.2333272	0.892260879	6.76E-02	1.79E-02	11.74747067
553	SAP18	7.6108005	6.7020747	7.2956386	10.2430461	10.9454868	10.9908856	0.856343613	7.49E-02	2.18E-02	11.63961466
554	IRS2	7.9805393	7.6153768	8.685452	12.2252087	11.6800618	10.575284	0.784635392	9.82E-02	3.42E-02	11.62981855
555	ADCY6	4.309025	4.8079702	2.9956812	7.400693	8.0663803	7.8402926	0.861887475	7.35E-02	2.10E-02	11.56158826
556	DPYSL2	7.9188379	6.0361098	7.2046135	11.4247442	9.5664269	11.1898834	0.806313842	9.02E-02	2.97E-02	11.5539731
557	RPLP2	11.9574379	12.1454554	12.1638325	14.7428672	15.6731561	15.8474469	0.811964359	8.86E-02	2.88E-02	11.53303828
558	SPRED2	4.7435639	4.7507076	3.9083598	9.0891013	8.2490564	6.9389568	0.816394046	8.70E-02	2.80E-02	11.35686286
559	ITM2A	5.0569476	5.1957839	6.7692467	12.7556967	8.7007207	8.5597232	0.827219202	8.35E-02	2.62E-02	11.35248957
560	MSMO1	5.3162271	4.7365865	2.3793449	8.8081111	8.0305306	8.1767432	0.895471257	6.70E-02	1.76E-02	11.25024034
561	IRF2BP2	7.5139709	7.1970971	8.114773	11.5655021	10.8013455	11.003957	0.85567373	7.51E-02	2.19E-02	11.23545061
562	F5	4.7435639	4.3899364	5.3892653	7.8808129	8.2333728	8.3090028	0.809705695	8.92E-02	2.92E-02	11.23407095
563	C1orf55	4.963444	4.3513152	5.2176156	10.3425096	8.4524089	7.3194719	0.826119237	8.40E-02	2.64E-02	11.22750064
564	ARID5B	7.4971815	6.1842483	8.5253933	10.9836931	11.7214074	10.7979987	0.838880462	7.96E-02	2.42E-02	11.20842419
565	BAZ2B	4.963444	2.0230478	5.3892653	8.4486569	8.6892694	7.6538745	0.851873338	7.61E-02	2.23E-02	11.19833906
566	COPB2	6.3067721	4.8304956	3.9352215	8.3094927	8.0122661	9.4637448	0.780413175	9.98E-02	3.51E-02	11.15019582
567	EPAS1	9.417868	8.5529154	7.9423658	11.5513158	12.0302104	12.5017958	0.795185177	9.44E-02	3.21E-02	11.13704826
568	MLL5	7.2788106	6.3119075	7.1568531	10.7511015	10.3121715	10.2691257	0.861482611	7.36E-02	2.11E-02	11.09848594
569	CUTA	6.8989234	6.8496647	6.7692467	10.3203721	9.9822728	10.575284	0.878573558	7.01E-02	1.94E-02	11.08631047
570	POLR2C	5.0569476	3.360637	3.9352215	8.3753938	7.5120008	6.8257955	0.780455965	9.98E-02	3.51E-02	11.04375185
571	MAP9	6.8989234	4.4133226	4.5083337	9.8727797	7.8571772	9.4542526	0.793472674	9.49E-02	3.23E-02	10.88186968
572	STOML2	6.9736463	5.1957839	5.2176156	8.6395496	9.7093356	10.1797958	0.825395025	8.42E-02	2.65E-02	10.88119993
573	PPFIBP1	5.2636993	5.4876732	5.3892653	10.2489183	8.7007207	8.7267115	0.900382913	6.63E-02	1.71E-02	10.83045106
574	FABP4	6.2677178	7.5127845	7.5934735	9.6992226	10.7332789	11.5183831	0.795096253	9.44E-02	3.21E-02	10.7891167
575	PSMB1	6.6482929	4.9115166	5.7236017	8.9446225	9.1398349	9.8585673	0.820919126	8.56E-02	2.73E-02	10.67551065
576	THY1	5.7003762	6.7328249	6.7042855	10.8891001	9.1143726	9.5375148	0.790197086	9.59E-02	3.29E-02	10.65897244
577	TNFRSF10B	6.4876101	6.3520696	7.2508437	10.4610743	9.8496795	9.9011097	0.823626154	8.48E-02	2.68E-02	10.65530237
578	RDX	6.0082059	4.8304956	4.7244061	9.1902202	8.6064601	8.1057709	0.806764669	9.01E-02	2.96E-02	10.4205879
579	MPHOSPH8	8.234634	7.282726	7.5571389	11.3705641	10.6764145	10.9271259	0.80426854	9.07E-02	3.01E-02	10.33872951
580	BBX	6.4876101	5.1480825	6.1759311	9.4969685	9.1398349	9.8441031	0.845222161	7.79E-02	2.32E-02	10.24247886
581	RWDD1	7.373845	7.9523826	7.0563116	10.1921435	11.5719758	10.7288255	0.795884361	9.42E-02	3.19E-02	10.23174627
582	CIZ1	4.2098819	3.360637	3.9083598	7.0161533	6.6948447	8.7423946	0.824390792	8.47E-02	2.67E-02	10.08547882
583	NGDN	4.6394091	4.3899364	4.5083337	7.147675	7.8365643	8.833074	0.806379437	9.02E-02	2.97E-02	10.04378133
584	PRPF38B	6.4179694	6.7328249	7.0300422	9.4416416	10.0599091	11.1225628	0.814006316	8.77E-02	2.84E-02	10.03580366
585	KLF4	6.3818471	6.9314777	7.8096632	10.8872188	10.2472744	10.1682304	0.802408973	9.13E-02	3.04E-02	9.95759097
586	ARF6	7.786906	8.3195726	8.5625279	12.4238576	11.6270308	11.0644784	0.826941548	8.36E-02	2.62E-02	9.900203357
587	CLSTN1	5.982974	5.1957839	5.3892653	8.930077	9.2762025	8.4683738	0.824145345	8.47E-02	2.67E-02	9.803034952
588	GNB2L1	10.0789648	9.9998997	10.1480512	13.3614119	13.2194954	13.6080838	0.856705399	7.48E-02	2.17E-02	9.730049602
589	SERF2	7.5951068	6.9577495	7.4018955	10.9534456	10.6822029	10.2139459	0.816085647	8.70E-02	2.81E-02	9.715628863
590	TTC17	4.7435639	4.4133226	3.7641245	7.268205	9.4216969	7.0438915	0.789448888	9.62E-02	3.31E-02	9.711989783
591	ZCCHC9	5.8972917	5.297868	3.3243747	8.3094927	8.3543123	9.14769	0.822130593	8.54E-02	2.71E-02	9.516284116
592	PRKD3	4.815804	5.4346801	6.0721689	9.1531261	9.3214118	7.9524091	0.779991955	9.99E-02	3.52E-02	9.508665498
593	TRA2A	6.7928648	6.3119075	7.1323668	10.3777739	10.2589411	9.473175	0.79776008	9.37E-02	3.17E-02	9.483417779
594	NRN1	5.2636993	4.3513152	5.2252164	7.5790795	9.2989842	8.2662493	0.792012044	9.54E-02	3.27E-02	9.368150281
595	EEF1A1	12.2601471	11.9918161	12.5153	15.4488994	15.8390843	15.1507049	0.804961547	9.05E-02	2.99E-02	9.118221008
596	PTPN12	6.5540448	6.0726357	6.564874	9.2499997	9.7812134	9.7149245	0.7986597	9.33E-02	3.14E-02	9.046527085
597	IGFBP6	6.7367617	6.2280676	6.4897707	9.6644958	9.802628	9.4253954	0.798794549	9.32E-02	3.13E-02	9.029994426
598	NDUFAF2	6.8731305	6.1842483	6.0316576	9.1593751	9.7703857	9.9492072	0.794539832	9.46E-02	3.22E-02	8.740510082
599	DNAJC27	5.3354128	4.8079702	4.9444683	7.9107527	8.4387969	8.2662493	0.798691215	9.32E-02	3.14E-02	8.594323591
600	IMPDH2	5.7445127	6.2280676	6.0316576	9.4720826	8.831483	9.0997909	0.785690282	9.79E-02	3.40E-02	8.497098131
601	GGCX	6.2275774	6.7020747	6.8314096	9.7662649	9.8802157	9.6908773	0.808858608	8.94E-02	2.93E-02	8.363983186
602	PEAR1	5.3354128	2.0230478	5.7236017	8.5661948	8.1522912	8.0564393	0.789096967	9.63E-02	3.32E-02	7.173081778
603	TNFRSF18	5.2636993	8.8895842	8.6599785	5.9133149	1.2054667	0.6019289	-0.867019435	7.22E-02	2.05E-02	3.95E-02
604	AIF1L	5.7445127	9.0508366	8.9812053	6.8092213	1.2054667	0.6019289	-0.840537939	7.91E-02	2.39E-02	2.83E-02
605	CD101	5.7445127	8.181467	8.458015	6.6046733	1.2054667	0.6019289	-0.796285688	9.41E-02	3.19E-02	2.83E-02
606	CD3E	6.186289	7.282726	10.117184	7.0161533	1.2054667	0.6019289	-0.805206584	9.04E-02	2.98E-02	2.08E-02
607	ALS2CL	6.8731305	9.4804432	7.6804979	7.4626381	1.2054667	0.6019289	-0.809500504	8.92E-02	2.92E-02	1.29E-02
608	SLC7A6	7.1770729	7.9653908	8.1759589	7.4626381	1.2054667	0.6019289	-0.78451864	9.82E-02	3.42E-02	1.05E-02
609	LRRFIP2	7.943836	8.8758705	7.9563845	8.1045532	1.2054667	0.6019289	-0.801591152	9.17E-02	3.06E-02	9.28E-03
610	SORBS1	7.4971815	8.8963925	9.0932984	8.2285993	1.2054667	0.6019289	-0.823563365	8.48E-02	2.68E-02	8.40E-03
611	ALDH1A2	8.2142315	8.5615078	10.172278	8.3206874	1.2054667	0.6019289	-0.889153515	6.80E-02	1.83E-02	6.10E-03
612	ENPP2	8.016332	8.9031688	10.3867524	9.6153392	1.2054667	0.6019289	-0.784959192	9.82E-02	3.42E-02	5.86E-03
613	ITGA5	9.3114408	8.2035936	9.7576474	9.3841082	1.2054667	0.6019289	-0.809190402	8.93E-02	2.92E-02	5.15E-03
614	CXCR4	8.4152951	9.0988503	11.4433385	8.8395827	1.2054667	0.6019289	-0.930425312	6.14E-02	1.47E-02	4.45E-03
615	RALGDS	8.518743	9.4060615	9.3324431	8.6573201	1.2054667	0.6019289	-0.880007525	6.97E-02	1.92E-02	4.14E-03