baseMean	log2FoldChange	lfcSE	pvalue	padj
LPIN2	1797.23348868152	3.72257991688976	0.364421173160646	9.14829124409388e-25	1.1792147413637e-20
HS6ST1	6410.00993993167	3.49334917565059	0.416227702627739	1.55674102402588e-17	1.00331958998468e-13
RO60	144.225095436406	-5.90293246940614	0.710327048375843	2.78640358760459e-17	1.19722474147411e-13
MYO18A	1298.92166664162	-1.44610231032032	0.188914556325735	7.61047289781468e-17	2.45247489132078e-13
NUDT3	2965.35930766515	1.48433838801171	0.199046449060426	2.59793337065748e-16	6.69747222955499e-13
PFKL	736.64201014362	1.62698145223593	0.225174577528019	4.64668824041485e-16	9.98263523649123e-13
MYO5A	84.794236486754	-8.59734899503022	1.13436077694183	8.46113422477039e-16	1.55805743081843e-12
MAP3K12	2226.14820829878	3.18869134833425	0.414294462027624	1.36718111819e-15	2.20287057668363e-12
RAP1GDS1	1369.41747587837	3.42811056308173	0.444488101174283	2.77927549943494e-15	3.98054013196849e-12
TGFBR1	504.431068657405	-2.34883574719	0.35920372709595	1.33183736071983e-14	1.71673835796786e-11
MOB1A	3409.01262104256	3.14730217923304	0.432409341531378	2.15930233050034e-14	2.53030973092267e-11
SF3B3	2184.93263206366	-1.32592186154671	0.190619887036293	2.80143374208813e-14	3.00920674462634e-11
PTHLH	1365.05676939224	3.54630269653224	0.480961252273696	4.25295155936337e-14	4.21696504616876e-11
ZFP644	1151.61730104779	2.58788580184737	0.4017284018225	1.24454310396815e-13	1.14586861501068e-10
MAP4	5474.6459546368	-1.46930472605094	0.224894423545484	1.9428473503674e-13	1.66955348974905e-10
SLC2A12	92.950004402051	-6.16125999741171	0.864104518031341	2.48172044861013e-13	1.99933603641153e-10
SSC5D	86.7854343456884	-8.82206777759455	1.31192068827091	2.90393689662797e-13	2.20186744691380e-10
ZDHHC5	2084.23388418913	-1.34819041064122	0.204758124065654	3.09829506623349e-13	2.21872352243054e-10
SNRNP48	590.322033410019	1.31695231622651	0.203000446553384	7.0623247515202e-13	4.79122979195239e-10
STEAP1	36.3697917702434	-7.93433277316743	1.20227357913808	2.24816635419289e-12	1.44894321527731e-09
DPP8	1130.97247720294	-1.53703886976571	0.256661686466211	3.67202557031942e-12	2.25392426673416e-09
CHML	49.2609395824278	-8.0508968486394	1.25180541083095	5.90046059074097e-12	3.45713350066596e-09
CSDE1	9228.69476682643	1.69920793863993	0.299653384662978	7.43951915567635e-12	4.1693653007247e-09
PLXNB2	4326.96722794909	-1.5701200588193	0.269763266868841	7.83859617949479e-12	4.20997936473699e-09
TSC2	1379.93072685966	-1.38910783746025	0.230921274983315	8.8412139335644e-12	4.55852990414581e-09
ABCD3	586.12647479541	2.8027488385271	0.477435161640978	1.55494007724482e-11	7.70891445987913e-09
GYPC	443.788269274406	1.60405270412735	0.28555086661384	1.98700392652216e-11	8.83188986650713e-09
PLXNA3	138.17584694997	-4.94998689663314	0.752715853255045	1.90750585923296e-11	8.83188986650713e-09
POLDIP3	600.233679229441	2.41658601998318	0.445267650702173	1.98440822648018e-11	8.83188986650713e-09
SLC39A1	1390.83846233458	3.21702874581132	0.519267140983528	2.33487756637697e-11	1.00321906101997e-08
ARSI	38.4492789376544	-7.98062586191545	1.28455638509132	2.59265427226254e-11	1.07804237320852e-08
CLUH	2052.07966882144	-1.12550541949242	0.185941903856542	3.04156726284488e-11	1.1880546066082e-08
GNL3L	605.431568512176	-1.50829195733703	0.266165575062184	3.01314805150532e-11	1.1880546066082e-08
FRZB	30.3128294469927	-7.83683368256474	1.26910003254385	3.88086060606683e-11	1.47130274153534e-08
ACTA2	22588.7451137957	1.72143631970688	0.321962707221939	4.12581247316543e-11	1.51947779368864e-08
ORAI2	103.920026542173	-4.11816672726211	0.642897624037657	5.02169362724776e-11	1.79804530153399e-08
PDLIM7	12296.4387813854	1.70188977367398	0.321707561852736	6.38554826043652e-11	2.22458694802775e-08
COL6A2	5506.49546803812	-1.37435733951815	0.242404226040483	7.42735489346966e-11	2.519436962548e-08
TACSTD2	71.7666201838123	-7.97749801471444	1.33132714616779	1.01066116352687e-10	3.34036471740034e-08
EZR	15416.4304022395	-1.27485463952422	0.223080647772884	1.04653912856265e-10	3.37247234179313e-08
LTBP2	18531.9875977719	-2.63421369507937	0.496560940287918	1.20632771399364e-10	3.79257664228732e-08
TSN	422.928642092284	-1.77928849327032	0.350997635232689	1.37088859357393e-10	4.20732237408761e-08
FLNB	1026.76204789465	-2.10163578601256	0.42879356499831	1.60878636910161e-10	4.82261774365576e-08
MAX	532.243766040335	1.53538171481012	0.288342098085435	1.65817370960094e-10	4.85769525380822e-08
LAMC1	11819.635478388	-1.35874646725616	0.245448696414025	1.74531086863012e-10	4.99934602147605e-08
AP3D1	2777.19622024253	-1.06236100791343	0.183163705706766	1.90348186772591e-10	5.33388723369281e-08
SLCO2A1	1347.98007554645	-1.88489917459498	0.383073384516622	1.96603590056192e-10	5.39195803366876e-08
FLNA	25794.6937785891	-1.59792735241432	0.312665039754202	3.34213869179066e-10	8.97503494524616e-08
LRAT	36.0676223220412	-8.28654409286448	1.45350076844939	3.79868234998517e-10	9.99286030434873e-08
ADRM1	5370.14381646381	1.43235491662853	0.27073247439061	4.08747463656328e-10	1.05375096130601e-07
RABGAP1	1626.16619623591	-1.30877857002565	0.242145033088784	4.87872292867616e-10	1.23307330491443e-07
ADCYAP1R1	60.5198527235913	-8.28252326663026	1.47223661527819	5.85738110069269e-10	1.45195466130632e-07
SEZ6L	30.9584401216063	-6.81658731374946	1.17526067943813	9.6807989212664e-10	2.35444336028536e-07
MAPRE3	1442.35832197997	1.62096061629528	0.340923697969632	1.75766200335553e-09	4.19560430060236e-07
STK4	286.495850609183	1.8202203472677	0.402652287916749	1.99143948406497e-09	4.66720999083591e-07
MBNL1	940.868074576794	-1.43234442159941	0.289445506916962	2.38113387202832e-09	5.48085993043661e-07
WBP2	3508.1978481596	1.0632699387715	0.199261842261523	2.64964904817465e-09	5.99192565455636e-07
ALOX12E	54.7266622649885	-7.76402473760258	1.42752887415439	3.05397713680338e-09	6.7872009126544e-07
ACTN1	13594.205614594	1.02277376653816	0.192670525265639	3.76742143316707e-09	8.23085801246163e-07
CLTC	2816.5805852992	-1.32397234121546	0.265278737387584	3.8827505218514e-09	8.34144237111077e-07
MLLT11	982.51366446067	1.31820571286074	0.264005002711635	3.97813449350735e-09	8.406254692018e-07
FBN1	1010.47771652953	-2.41809178032498	0.548394848122744	4.16406206503272e-09	8.65721935778576e-07
CAV3	35.559428835484	-6.4689997340554	1.16110598065529	4.43680459949937e-09	9.07784306151537e-07
GCNT1	342.855948332929	-2.4694951162804	0.558244024134967	4.63144342759709e-09	9.32801652839477e-07
IQGAP1	5918.25468235283	-1.09012867807659	0.209638596144565	4.81280791700402e-09	9.5441683154126e-07
BICDL1	50.0000394356677	-6.09073683495795	1.09244667963048	5.32160205486875e-09	1.0393250073827e-06
MTOR	530.835420538541	-1.37816639812023	0.284500242797251	5.68960675578661e-09	1.09057971575833e-06
PAFAH1B1	3077.28492982014	1.89425169283083	0.445611778589649	5.9730535837703e-09	1.11583566224347e-06
MLPH	41.8816395061384	-7.80668799833916	1.47963277947888	6.85855274663945e-09	1.26295349863118e-06
CTNND1	1907.51772341084	-1.48204090967761	0.318832110700828	7.3007193683172e-09	1.28912702270697e-06
PRKAA2	31.0024157384727	-6.88978252123209	1.26896026729584	7.1601964628241e-09	1.28912702270697e-06
TBX1	28.6529017329196	-7.41795988581598	1.38872266728627	7.26773315970466e-09	1.28912702270697e-06
TBC1D22B	619.995122877934	-1.19765683054307	0.239148360531066	7.42113211219055e-09	1.29268098548833e-06
SEMA6D	1718.97567850736	-1.52760555758688	0.334241646571591	7.78447320496481e-09	1.33789146149329e-06
BOC	6759.08070991623	-1.16350350976832	0.233139008167984	9.75067463771509e-09	1.63228826078114e-06
SLC25A44	516.751102424954	2.38412320456526	0.566456877454534	9.7341073511255e-09	1.63228826078114e-06
CACNA1H	43.1472282879513	-7.04754623541398	1.3246529533471	1.11886215432891e-08	1.79417092569221e-06
EIF1AX	1786.37886835033	-1.08921665695462	0.216198567616386	1.12744643119526e-08	1.79417092569221e-06
SLC26A9	38.9011811670628	-8.13699891082064	1.59445262000043	1.12350772544881e-08	1.79417092569221e-06
CEBPB	172216.134333769	1.40725092273449	0.302212801488853	1.15327002531583e-08	1.81288422272209e-06
DAG1	16182.7718991742	-1.77781269897992	0.425272617771837	1.21506070667385e-08	1.88700391675012e-06
SNRNP200	1481.42768878801	-1.56158997298587	0.354542124562881	1.34485900046359e-08	2.06371815666376e-06
PPP1R1B	26.2516281547335	-7.38635066428221	1.41595373029581	1.4154499630992e-08	2.14648823815868e-06
EDEM3	409.571292545257	-1.3527577863385	0.289723830592934	1.54536466002976e-08	2.21755609370371e-06
LZTS1	53.6109661878474	-7.33557291089587	1.40841814779416	1.54328192881609e-08	2.21755609370371e-06
SLC6A2	32.2443107635805	-6.75449786821682	1.27428285833282	1.53224974588679e-08	2.21755609370371e-06
UNC13B	36.8857209926367	-7.93582827181702	1.56807660155245	1.73979169274616e-08	2.46438625488989e-06
ITGB4	13966.3748719172	-1.42072376718464	0.314300056869388	1.9805688176351e-08	2.77494913688222e-06
GBP5	21.3595222457244	-7.23271293996885	1.3997683079833	2.067895673657e-08	2.86614787456331e-06
SLC7A6	484.269982663409	1.73065656018005	0.422838553138898	2.20910208592957e-08	2.96617977996169e-06
ZDHHC18	1058.50867487727	2.1440188691666	0.543743708139019	2.18685855581624e-08	2.96617977996169e-06
STAT5B	1455.10359844382	-1.43127282474628	0.320021509227099	2.29619817403384e-08	3.05133963539137e-06
FAN1	31.7270895722235	-6.87194815413247	1.32267542522361	2.37910348360994e-08	3.10894930649603e-06
P2RY14	6.74259447840743	-19.9259683348675	4.09740552769023	2.69097385921213e-08	3.46866530452443e-06
TERT	38.141956278263	-6.76177047766985	1.30620964767536	2.80797234485747e-08	3.58363995299136e-06
ARNT2	43.6509499161049	-7.10257903561489	1.38659734667587	2.85245309069461e-08	3.60471768029936e-06
PCDHB6	36.7663009619886	-6.72505680963645	1.30021970949766	2.93642591169663e-08	3.67480873803588e-06
SORCS2	976.210087559182	-1.62911333747841	0.393981010679478	3.02209391114426e-08	3.74565293410091e-06
THADA	241.535222410611	-1.35280136699149	0.300708128727963	3.38517901709146e-08	4.11650542738764e-06
FNDC1	6168.87030807926	-2.45630098537973	0.618655764364972	3.51880719483678e-08	4.23901165807907e-06
CHST10	35.2871186978005	-6.31208311633064	1.22776498711287	4.26903353865591e-08	5.09517058456246e-06
SMG7	1149.19105151635	-1.23595955123809	0.268726259270798	4.35291273811499e-08	5.14761882516534e-06
GAS7	2176.75194746137	-1.2205247370336	0.264717108698509	4.51373402445665e-08	5.28927559774965e-06
PCDHB4	22.4108846936495	-6.42694638271696	1.26333569182757	5.17204941025317e-08	5.84804534194416e-06
GPR155	723.043221946938	-1.54480945208056	0.37926355823405	6.39108794214927e-08	7.16357596298296e-06
UBE2E3	2445.72594369618	1.06115896697145	0.225174120644657	6.59485777857012e-08	7.3282514453249e-06
SEMA3D	25.4526291668093	-6.81658769221758	1.36996943556812	6.83869028143182e-08	7.47039980742849e-06
RBPMS2	795.419272402601	1.19915266624307	0.264100580022208	7.05235279670196e-08	7.63906113861246e-06
GLMN	204.362180336761	1.24368068276196	0.277686576784344	7.22590586653974e-08	7.7618272183081e-06
ADGRL2	3913.26514238404	-1.36571217148429	0.317552757129427	7.4780529926322e-08	7.93787832821764e-06
AUTS2L	1740.82206882705	1.5459567533781	0.383300945200516	7.51296474819668e-08	7.93787832821764e-06
USP13	49.4795102472123	-7.33946021801748	1.51169640691125	7.89698474861887e-08	8.23821704231878e-06
LRP6	3228.50753160232	-1.23601879408747	0.276909639231922	8.09046002890468e-08	8.34288238180651e-06
GTF3C1	1286.67569484243	-1.09656948014559	0.236876351608926	8.15935202558907e-08	8.34714663570184e-06
MAST2	1330.70920814545	-1.41840013035021	0.339781381969921	9.15556532807688e-08	9.25368751239541e-06
SRSF10	1568.04159953175	1.11302323469101	0.242730571502449	9.18907681603268e-08	9.25368751239541e-06
RALB	564.727252561302	1.31904739044392	0.306183882691697	9.72185608955392e-08	9.71431976700388e-06
AGPAT5	383.396458144549	1.58387629357075	0.404504435602068	9.90222006504594e-08	9.74348218614063e-06
ZFP13	34.1646424744353	-6.87315507203205	1.40873341186447	1.00030402455974e-07	9.76812036104174e-06
CDKN1A	1665.90580038204	2.16448605053301	0.602448965880207	1.09069336117758e-07	1.05707048312624e-05
ATP8B1	357.900353507509	-2.43047749482	0.658609506454458	1.10023594735586e-07	1.05836129562813e-05
LMO4	3384.4557098645	1.35173194114956	0.320930897578828	1.1943730281153e-07	1.14040506165972e-05
MET	1228.95698072122	-1.57909355193558	0.40805503272954	1.22835798517192e-07	1.16423047271074e-05
HOMER3	924.850717437215	1.02088516129663	0.220783952246872	1.24147113385124e-07	1.16807028579142e-05
FAM168B	1480.06867656897	-1.31189824675142	0.308642502065336	1.30085914498055e-07	1.20633628624455e-05
SH3GL3	21.6791724829667	-6.42724902999168	1.31854129664238	1.29440682188363e-07	1.20633628624455e-05
TRIM29	12000.6932981485	-1.08806978719566	0.239894978963362	1.32296195602834e-07	1.21806997237181e-05
PCDHA13	25.7015930805328	-6.05605675848695	1.23621333263162	1.3456213035114e-07	1.23014600016042e-05
PRKACB	458.837408845218	-1.53304783899148	0.392392938481595	1.36746060534135e-07	1.24130754949647e-05
OCRL	514.538899317007	-1.570547909647	0.407703496348133	1.38355974368942e-07	1.24713881791305e-05
CASC4	1510.19171726916	1.47735538786452	0.371086911230192	1.40914421645781e-07	1.26137978820425e-05
ACSM3	13.2119312791516	-6.35804941540007	1.31132502129047	1.48033927630367e-07	1.31597057045203e-05
SMCR8	97.65513586734	-4.00865766454721	0.858662702109183	1.50358879033488e-07	1.32048285884153e-05
SPTAN1	2334.01151900361	-1.23457815424485	0.285777594203727	1.54006788131095e-07	1.33231375772471e-05
TRA2B	3853.59879674353	1.23445238784972	0.286062125193117	1.57328311518798e-07	1.34302114932272e-05
FCF1	515.647493620313	1.39851175070158	0.34661001752754	1.85206879084756e-07	1.57060307329112e-05
USP6NL	666.177855898573	-1.66225749844396	0.457464550898931	2.13762982356132e-07	1.80091819775852e-05
DLST	1505.2780416118	-1.14476309329505	0.262751323905098	2.18807701113001e-07	1.83144887490038e-05
XPO5	436.4798593084	-1.29178484248704	0.311612618690983	2.29244880475092e-07	1.90643000601544e-05
TIPARP	4509.47316862148	1.16062512015067	0.269656667949155	2.52542924674899e-07	2.0603027209237e-05
AQR	424.034715363841	-1.64817474062034	0.457092027380572	2.54525882480021e-07	2.06342051897325e-05
CALR	15637.2415206087	-1.13684731350409	0.262567177204754	2.57606623553762e-07	2.07534336100499e-05
ZC3H12C	110.479513113947	-2.13726099603315	0.633578066982577	2.76793019233359e-07	2.21606336516646e-05
TOP2B	1704.67663117375	-1.01507505949885	0.227919358427576	2.82935539824038e-07	2.25125870884682e-05
MRC2	3039.98883565211	-1.60754227546922	0.443473566597554	2.85007862410801e-07	2.25383518188664e-05
CTNNB1	2935.15803837431	-1.1310192788337	0.264785026368827	3.43185739761677e-07	2.68952048586484e-05
ZBTB44	471.895490014592	-1.92486984386188	0.576311840836846	3.44275314327152e-07	2.68952048586484e-05
RGD1561161	404.089935148609	-1.58041055968538	0.439159159039124	3.6119956613037e-07	2.80473639001233e-05
ECI1	1504.05798035153	-1.03076355999128	0.235477920484527	3.68422110349829e-07	2.84047351564431e-05
KIDINS220	1756.64868465658	-1.36156706287026	0.347357988777543	3.70209116080873e-07	2.84047351564431e-05
VANGL2	613.862294466149	-1.75535376233243	0.515049630977027	3.76175596732566e-07	2.86917363425016e-05
ERBB3	693.718650084918	-1.77852142430973	0.525606658878122	3.87726677260968e-07	2.93988051170228e-05
DPEP2	23.8633985408211	-6.94550433847166	1.55072241518424	4.3023034627735e-07	3.24308138217254e-05
BRPF1	1374.61744599586	-1.30572145895862	0.329587887749765	4.43982348283933e-07	3.32728631940691e-05
VASP	4838.74438760514	1.12652532653102	0.268161068701831	4.76645099663774e-07	3.49088371287844e-05
UGGT1	569.89225075982	-1.49834441859853	0.412293703405598	4.88748602710713e-07	3.55930479601191e-05
FAM20B	1200.98957554589	-1.07235222937613	0.252144746052166	5.11930331309e-07	3.6864703746218e-05
TSPYL2	1445.4775072495	1.08347150184651	0.255668368232887	5.14828163110467e-07	3.68674167916329e-05
SLC26A2	40.6240134503858	-3.77202995822617	0.906498555857882	5.17811015711968e-07	3.68761546548468e-05
BMP3	24.8040906005316	-7.22844978666895	1.66731354147275	5.76997829618163e-07	4.06420875616291e-05
ADCY4	103.797856913028	-5.02564756599537	1.12952215163497	6.40675920933108e-07	4.48821338088465e-05
CNOT1	922.393112204447	-1.2099706807199	0.301824236683855	6.56318101337917e-07	4.5729407168896e-05
GREM1	62.9403939535575	-5.72993157544876	1.28651798190742	6.81958658594561e-07	4.72604683294833e-05
WWC2	753.248931540085	-1.01013019281536	0.237194932163886	6.95136981629093e-07	4.7916126701599e-05
NRG2	7019.90791254637	1.42362658183214	0.391370523336352	7.44944604649168e-07	5.10762550740839e-05
MRPL51	290.113550523698	1.39411499857721	0.378886283017999	7.60978967402293e-07	5.1899570845585e-05
DANCR	172.943413617068	1.04066909945333	0.248924618976703	8.28684940505993e-07	5.62197309638013e-05
SLC3A1	94.4383661770507	1.53728085839047	0.447437898103717	8.34895516447011e-07	5.63445194083873e-05
CLIP2	1093.37896679653	-1.33063977065122	0.354844971346707	8.62888753568828e-07	5.79303960078239e-05
SPECC1L	857.123809055395	-1.20384083847493	0.30497881198326	8.70548849055256e-07	5.81418376389754e-05
ZNFX1	169.932365547662	-3.49195083298342	0.919676388440848	9.36956852107e-07	6.22545042456661e-05
USP40	237.854201696564	-1.31305251741584	0.349966015559603	9.54369179019512e-07	6.30862498336487e-05
PLCL2	38.2059126999466	-7.46581917992985	1.84298631090759	1.12118558079192e-06	7.37351129408565e-05
PRPF8	1534.6970158665	-1.08996756289905	0.26997592035628	1.15811572853311e-06	7.53945037413729e-05
PLA2G4A	50.7049859487637	-4.32087068186371	1.05528683915327	1.16719855739786e-06	7.56039668585848e-05
TMEM265	243.648365075741	1.75053506854057	0.561250580457637	1.18905076935518e-06	7.66343220849412e-05
CDH1	18840.968420073	-1.13516419827846	0.286904381180548	1.24808801649778e-06	8.00390772768977e-05
ZDHHC15	17.8870199852827	-6.22896812231902	1.4824656056712	1.29762393871243e-06	8.28038246039762e-05
MYBPC1	49.5763083882101	-6.3099264191525	1.50867837302221	1.33857311820735e-06	8.4579448498494e-05
CCDC126	505.197620938044	1.04166266594167	0.256285570304176	1.34656077686413e-06	8.46691142135541e-05
CLASP2	385.751316813288	-1.21336456163941	0.318621489722479	1.41431314532185e-06	8.80700311265637e-05
KIAA0895L	14.6572368092907	-6.28078587151074	1.51728385556005	1.50923691301841e-06	9.26383990895583e-05
CAVIN1	3004.78866910193	-1.323898397592	0.367122954740822	1.5289687944965e-06	9.32946187523112e-05
SCIN	35.8659539942318	-7.64428408171197	1.96900199243353	1.53440334953375e-06	9.32946187523112e-05
PCSK6	288.808016793334	-4.06259728482705	1.04631950683811	1.59937475871056e-06	9.67884537078831e-05
FAM43A	358.901963143267	-2.49998023323064	0.823952258673977	1.6641495706739e-06	0.000100237794233582
DLG5	603.564402064016	-1.15415662166124	0.299693779391289	1.69725821717605e-06	0.000101756550787903
ADGRL4	100.609832177002	-4.74492368276937	1.17703242664876	1.79051757811472e-06	0.00010635839438663
COL16A1	18478.1091441364	-1.18315940801381	0.312303438091147	1.82336523059418e-06	0.000107460556513555
DEXI	2496.42676360514	1.04985320796406	0.263800857517337	1.82574568475319e-06	0.000107460556513555
SOCS1	4128.50920429036	1.06341176054364	0.268635624227419	1.84721086105641e-06	0.000108229763631896
CLCA2	5369.61099702787	-1.25938689751613	0.345926369259678	2.00059981226184e-06	0.000116160953063311
LUC7L2	1781.4568498506	1.02850409612277	0.258199284864969	2.0196375287316e-06	0.000116740483163006
AGRN	3855.5553009429	-1.26801794464162	0.351180584097651	2.11534801345188e-06	0.000121726945952655
TMEM200C	6345.60266532504	1.40214597644598	0.414822747962269	2.13243285929409e-06	0.000122164709139115
LGR5	16.0234978201034	-6.28493301122865	1.57461828226367	2.17710693175588e-06	0.000124172160842183
TNS1	3464.1249772552	-1.30123725350894	0.367994137880811	2.25641833998608e-06	0.000128128777103174
TRPV1	24.0994670873117	-5.53743203269475	1.38133617298074	2.26880294884661e-06	0.000128266973730845
ANKFY1	958.046326076891	-1.19425939190769	0.322096662803444	2.31338321200925e-06	0.000129036325399524
F2R	826.193243663809	-1.17439431468875	0.314261052073431	2.33246422172918e-06	0.000129036325399524
MICAL2	607.409368424398	-1.75481906821217	0.597078662803123	2.32047778596474e-06	0.000129036325399524
UCP2	39824.1035209275	-1.42059007892631	0.426930960331725	2.30358441259729e-06	0.000129036325399524
CLVS1	304.909214550081	1.35822144738097	0.398043321489838	2.46735104958746e-06	0.000134581120701249
NCKAP5L	2132.08705849371	-1.4227134559321	0.430425773424925	2.45611089286783e-06	0.000134581120701249
NFATC3	455.674532237381	-1.33313531421967	0.385893546355713	2.47445505090737e-06	0.000134581120701249
PARP14	261.859065319295	-2.0882893186146	0.738991023672289	2.51037322837178e-06	0.000135960970225682
APAF1	418.383635003117	-1.24806369730199	0.348379909156531	2.64316742940342e-06	0.000141523413351811
COL4A1	80326.2193487942	-1.18649994733555	0.32211102226709	2.65018261898064e-06	0.000141523413351811
STC2	16.5140085111972	-6.39637678341245	1.64299816724036	2.65699503732647e-06	0.000141523413351811
MED12	504.62312518862	-1.25771452976778	0.35368179083104	2.73888749736194e-06	0.000144316324331163
MGLL	1095.61963842423	-1.03936789166625	0.266996451870551	2.74301780148448e-06	0.000144316324331163
TRAK2	1026.29158912915	-1.22201351808464	0.339009524665695	2.85721964723001e-06	0.000149713663629247
MYOF	505.094090789193	-1.39817549155762	0.426090515865483	3.05964440178588e-06	0.000159027485237984
CDH2	41.2545085923417	-4.95283450194638	1.29304201228022	3.12703571132104e-06	0.000161229961275713
LPIN1	718.034401315515	-1.39716809152083	0.426289325976159	3.11793641486725e-06	0.000161229961275713
HPGD	53.6148037034767	-4.40130717255497	1.18769098629214	3.23734648401812e-06	0.000166252574418301
TBX19	92.7824914891588	1.49833703359019	0.484806402081039	3.44018480693061e-06	0.000175968183179903
LAMA4	1328.16086361274	-1.60364306164883	0.545083490383045	3.65195324890953e-06	0.00018532943849781
PCDHGA9	13.4602474224185	-5.81506711075993	1.538383034165	3.78833630030448e-06	0.000190006439342119
SRSF7	4716.7526995734	1.42897588407729	0.450907245627104	3.76310959854888e-06	0.000190006439342119
CCL11	30.2549082724376	-6.18226938751	1.65175412478566	3.88384139802073e-06	0.00019329233830304
SSTR1	51.1094028225409	-6.87432567038707	1.897137532066	4.00079530194386e-06	0.000197587170276078
SOBP	580.633060482153	1.11596907404658	0.304035145277103	4.19752026041852e-06	0.000206511588384713
ADM	2531.39075462122	1.03379435287658	0.273011636892652	4.29113774445416e-06	0.000209518051234902
ANAPC1	476.4936207941	-1.22740547912806	0.355518579650773	4.72696537456133e-06	0.000226507746015225
ARHGAP15	19.4587536258644	-5.72563238088039	1.5564848272272	4.72215955666676e-06	0.000226507746015225
FAM98C	1607.49855538596	1.09816474117696	0.300539426104744	4.94189379073224e-06	0.000235929670231624
IGFBP5	19842.5169883842	-1.27340959583721	0.381763318734709	5.31660734511452e-06	0.000249203886103731
PGP	1604.79375819094	1.05245016451495	0.286597154949637	5.97920934060725e-06	0.000274277609965934
ADAM17	1019.86394898945	-1.06723478657629	0.293495858575953	6.28839161266253e-06	0.000287169749829035
SEL1L	1519.64210698262	-1.0962431148957	0.305321327607382	6.30481297142102e-06	0.000287169749829035
LOC100365008	109.815613691169	-1.57690049231139	0.561648809783037	6.37815343389133e-06	0.000289487316066406
PCDHB3	67.2012858472079	-4.07944337750819	1.23532830046923	6.50286796094956e-06	0.000294112168479438
ST14	1195.31276950346	-1.3784459191317	0.447971943344655	6.68505104587706e-06	0.000301294783151592
LHFPL2	1234.60075474586	-1.19287296659334	0.350161608075084	6.80439348129397e-06	0.000305604989456025
FNIP1	354.224105852848	2.08685884424989	0.815771687743499	6.91280916158383e-06	0.000308325640459569
ZC3HAV1	697.281426015682	-1.02731908715102	0.280335903069087	7.07663880238948e-06	0.000313463485095534
PADI2	48.6262366961972	-5.46524364538605	1.5746295379757	7.20339750390431e-06	0.000317985595292214
HEATR5B	377.382691002056	-1.12687530971964	0.322263845708865	7.37561751972761e-06	0.000323373162684656
GJB2	472.215768364104	-2.39955428901266	0.929313921655329	7.50053642722646e-06	0.00032773530354898
LRP4	785.717114263067	-1.28853790294313	0.403427267173468	7.71215798128432e-06	0.000335843636414712
ACE	4814.67678677778	-1.18888429203278	0.353524668469759	8.07443117325884e-06	0.000344807139164787
LTBP3	7989.79475274829	-1.08976172776428	0.308390165815139	8.02549186247744e-06	0.000344807139164787
ZBTB26	18.285401771958	-5.05047335884748	1.48834737684129	8.07849154598647e-06	0.000344807139164787
IFI47	371.740862280017	-1.18543334317502	0.353097359784118	8.40191679517729e-06	0.000356252327269195
NOTCH2	1763.69853194655	-1.05580577952631	0.296673890858905	8.90102341923944e-06	0.000373727009361552
LINC00176	25.6123338269381	-5.94110352835103	1.7899978866966	9.22998953207534e-06	0.000386281055417049
MAFB	4472.47732478774	-1.2569140337624	0.393575846860169	9.32005391450858e-06	0.000387637090384226
KLHL11	712.206931459935	-1.24861680462216	0.390128382000935	9.57950661912641e-06	0.000397041287204307
MOB1B	415.024729859768	-1.16963228980672	0.350542329944663	9.89117052845431e-06	0.000406042000355975
TMX4	1084.7745198979	-1.03446299121806	0.291728114748005	1.05147988743341e-05	0.000428910624968882
SLC25A28	988.683007000769	1.00352476555412	0.279705954588858	1.07326240014759e-05	0.000436414900249287
NRGN	908.973283107529	2.01829278866236	0.82946634792448	1.10244429246589e-05	0.000445470436673521
SYNPO2	2384.63379628779	-1.14657496648389	0.343632072234923	1.13481431570321e-05	0.0004571173915442
TMEM132E	32.0898234680199	-6.71746552301923	2.18824329062478	1.13959577064561e-05	0.000457613379552083
GLI2	237.031950372915	-3.12512880811021	1.15339485892164	1.14396373988984e-05	0.000457940764198136
P2RX5	14.4016163040486	-5.25257519548531	1.6360373478013	1.1717905756198e-05	0.000467627879868088
TNFSF4	13.4693979521852	-5.50884949785599	1.72530118721243	1.21086605260288e-05	0.000480248105170805
BTC	14.0821522462837	-6.22516517043802	1.99647212372113	1.23154113205355e-05	0.000483980646102753
NOS2	13.4508830416341	-5.44278930275685	1.71127502885822	1.24101493800361e-05	0.000485511525872777
BCL6	417.230952581418	1.13964908828588	0.348396472142381	1.46680682269468e-05	0.000564392237150281
SLC12A8	14.3564208871107	-5.5670710044463	1.81341741392503	1.49955189955194e-05	0.000575274523369776
PDGFB	406.214084067585	1.15694928951226	0.361747888959245	1.67187282647063e-05	0.000633836492153129
ADAMTS7	24.0182355049259	-6.07217162000194	2.05736173245176	1.68142785804075e-05	0.000635285824320562
ATG13	612.481848471695	-1.0174599851185	0.295766075049611	1.68555276894982e-05	0.000635285824320562
ACTR6	263.39755790499	1.10454356319893	0.336052007601707	1.71522906522222e-05	0.000644586083111206
PTGR1	13.0744554942533	-6.04858904191872	2.06150395597018	1.7389323740947e-05	0.000647827696591926
WFDC2	311.710717108455	-1.40846730025209	0.519367935226079	1.76055512430127e-05	0.000650245144763422
PECAM1	360.736260298493	-2.96444360755226	1.19138929246746	1.81555356643931e-05	0.000664843337255759
ERN1	248.985170788215	-1.29500244249323	0.446483130480291	1.82741749627597e-05	0.000667292111246383
OGFOD1	52.7556396055905	-2.08912750683695	0.91579785104673	1.88777005248951e-05	0.000683521235297464
EXOC6	50.4199197188995	-4.70718796806446	1.61965469724961	1.92837255961962e-05	0.000696266730910276
PCDH17	22.836848821549	-5.82319865178614	2.02079854053304	1.9861643987793e-05	0.000711157197229589
TIAL1	372.41567888309	1.07143605489714	0.324856466847458	2.00540879737949e-05	0.000714451008163604
TJP1	830.029935051913	-1.14950996289765	0.364420250541609	2.00644891353937e-05	0.000714451008163604
PHLDA1	58638.6222807307	1.09449658783276	0.336435586194608	2.03067650857696e-05	0.000719104950427391
TBC1D2	52.9534770020711	-3.48589851548837	1.33184978574854	2.02887577100202e-05	0.000719104950427391
POU3F1	2868.15042066204	1.19863943876015	0.393184507774032	2.06764208915064e-05	0.000730189219976759
CD109	267.09594644777	-1.34408161878972	0.489115988959495	2.1812783443061e-05	0.000761969589650557
ABI3	14.2275950149591	-5.92498875610056	2.14302511477481	2.34133797527573e-05	0.000808930926395431
CCDC92	65.1365026644235	-3.41963158256732	1.36397094260836	2.53571911438117e-05	0.000864693634507231
ARRDC4	485.768323726555	-1.2043290339855	0.406295765212458	2.56725243247909e-05	0.000873136777167691
CD24	2513.89997451082	-1.41773040937388	0.552192583811442	2.57848105499456e-05	0.000874647915759998
NUP210	145.729103464081	-4.09819826943506	1.53980159206366	2.60644758261139e-05	0.000881813893434669
FRS3	161.075890147314	1.18915618118807	0.398028116470838	2.62288188708402e-05	0.000885050982317095
CTDSPL	1255.07500517448	1.02085958393439	0.309172817331589	2.65142509870608e-05	0.000891975272591439
ESRRG	19.2351866479556	-6.15870331255025	2.33298815276576	2.6572420843686e-05	0.000891975272591439
ASTN1	27.6032762232287	-5.70069503068892	2.12594333823554	2.80019915961109e-05	0.000935092413662873
GADD45G	38772.8901228541	1.00569958119325	0.304050114672721	2.83540739438241e-05	0.000941969106020342
BNC2	26.4233819614856	-6.27697664152121	2.44630143639013	2.84839407559774e-05	0.000943850890345883
SIPA1L1	900.659201715311	-1.02882529457486	0.315107408009722	2.86272760781087e-05	0.000946168176017489
BNC1	141.576143015436	-1.15652145825813	0.383597118971878	2.94042981570936e-05	0.000966891334808512
ITGA8	9363.34474088647	-1.04677276580761	0.32530581115852	3.00975703376226e-05	0.000982171345954317
ATP1B2	2319.0441990136	1.25891326492734	0.45019446068701	3.02049194270626e-05	0.000982367184289719
TLR4	18.4007356499818	-5.3107654326845	1.99715780871496	3.07077716038746e-05	0.000989557939934861
SYNPO	1786.49741796217	-1.20498855814073	0.416362850552456	3.13095806864677e-05	0.00100144043436369
TEC	110.569211968294	-3.9853432817953	1.56291261560801	3.1479453511191e-05	0.00100438157366151
PLXNB3	27.5583351931584	-5.05906374471784	1.92301582587987	3.26632073079633e-05	0.00103957714123369
TNFAIP8L2	14.5975455153688	-6.02998363980762	2.41172049930065	3.39178694059942e-05	0.00107420475833726
RBM33	819.478417667278	-2.02438430249279	0.963238188573194	3.57320188834345e-05	0.00112425900502507
CLCA5	24.4692708277175	-5.26077551408327	2.06090950660943	3.68006602146464e-05	0.00114579833373621
TMC7	14.5734263733354	-5.37105406081669	2.11261081287723	3.69276255088577e-05	0.00114698094652814
PLD5	171.04436683331	1.19579131591482	0.419122885847122	3.71168415849276e-05	0.00115008675007144
ZDHHC21	242.734850484467	-1.24161702474074	0.451645013683526	3.79800973302701e-05	0.00116840919949208
SCUBE3	369.330684456665	-1.91661394916774	0.929200731316549	4.26002901168809e-05	0.00129815068464916
SPOCK2	187.964000178052	-1.68024305679145	0.789171488857401	4.44798868573192e-05	0.00133647026011852
TSPAN33	15.3721105578751	-5.16564931940659	2.11315182225976	4.44163204442351e-05	0.00133647026011852
PTK2B	169.899731504347	-2.61345966661318	1.24837440808965	4.51054683107691e-05	0.00135211508494375
FGF18	21.3242528053443	-3.99501743369473	1.67980577034799	4.5398895465937e-05	0.0013577535094105
SLBP	3043.8788249662	1.08895123410208	0.362681743896843	4.5680929833004e-05	0.00136302589247088
AGMO	18.780265488856	-5.45371234970758	2.28903864994231	4.68950594205334e-05	0.00138960302512799
GTF3C3	54.1953405625603	-2.5370468455319	1.22845796435061	4.71449748621923e-05	0.00139380441737078
PCDHGB7	462.38802023748	-1.10036875044289	0.376545754082967	5.38848197339543e-05	0.00155039135350596
CD38	15.8693039358303	-5.78938398347518	2.61129518835479	5.47791494565345e-05	0.00157261299887468
SULF1	530.919140518029	-1.67775765828448	0.816448130620125	5.66581321870111e-05	0.00161934218157555
CNKSR2	23.4441174620407	-4.83872673679585	2.09771700575135	5.74890122605531e-05	0.00163583524953318
TTYH1	49.7729739443236	-2.93102675630383	1.41371002856829	5.81411191061487e-05	0.00164711873687529
LAMB3	24249.0077791244	-1.00904768735184	0.327957972488322	5.84629540056906e-05	0.00165260411652051
SRL	22.336262487949	-5.15756939376462	2.28192170316448	6.00228046517388e-05	0.001692984577595
ERRFI1	75536.8183283428	1.30903538086439	0.537633819467798	6.14031213750674e-05	0.00172813588324153
PTGDS	114.10722498	-1.95268275485918	1.00337445405096	6.23353625137166e-05	0.00175055081220437
PCDHGA7	341.842647223174	-1.11932054039632	0.396445546142005	6.34689867390066e-05	0.00176698755737753
PDE4C	30.5124605511446	3.92456400324752	1.7748023519525	6.33665631174445e-05	0.00176698755737753
OASL	582.471018259913	-2.21540892240219	1.14609598497356	6.40489083789868e-05	0.00177165328112691
CPT1A	1331.91502794075	-1.2250633641899	0.474003541224631	6.45680868200169e-05	0.00178218980537477
SLC25A29	255.195421281018	1.06254550325427	0.362991426962394	6.65845060560981e-05	0.00181837771835403
NUP155	237.02332434438	-1.19057484821009	0.451122506703937	6.8110212832166e-05	0.0018405464222361
TACR1	23.5752937785787	-4.8963022939874	2.21883033387832	6.78760937493749e-05	0.0018405464222361
TOB1	1997.11126606247	1.08175390994842	0.375421092959754	6.76245893610247e-05	0.0018405464222361
RASSF8	401.413663901	-1.0804488336536	0.375519343876666	6.89695942372194e-05	0.00185598761945252
ZBTB5	126.363386402193	-1.65942656958418	0.831141106184695	7.03087764559086e-05	0.00188808360107638
HENMT1	10.3249444871226	-4.67754306914325	2.13418850224243	7.08029285252514e-05	0.00189740072492826
LOC498222	94.2833811910198	-2.45762088678261	1.28145147594103	7.27889644053935e-05	0.00193453556945469
RPPH1	37.7790827118124	2.3442834971197	1.23756963156853	7.53823403227424e-05	0.00198707232466288
TEX30	464.855550029569	1.0409529201241	0.356831073126006	7.79040253496362e-05	0.00204594957935483
AKR1C3	18.9668956079539	-5.55427194600384	2.77730120825198	7.99623980246248e-05	0.00209070042705358
PRKAR2A	636.973587136624	-1.00815088120672	0.339075085095835	8.03126130451591e-05	0.00209430512771005
CYFIP2	22.4809523395552	-5.29738247136463	2.5876678732629	8.09256867498555e-05	0.00209885734850229
IREB2	139.541969290882	-1.06402057986902	0.375422778733417	8.5772574430828e-05	0.00219366762780431
DEAF1	1282.76777966675	1.09079378393971	0.395500333472249	8.98447903839736e-05	0.00226191278915902
NAF1	585.689876635684	1.05262073498222	0.370203445360248	8.9519088104479e-05	0.00226191278915902
SCGB1C1	59.7702961529964	1.88398557091786	1.01944719359188	8.96914917051159e-05	0.00226191278915902
CNNM1	13.5392526010678	-4.94604567404185	2.43860365443818	9.04302954492193e-05	0.00226339127833095
ARHGEF15	59.7553774589347	-3.5669474919204	1.78817994357539	9.34404944089042e-05	0.00232451419085987
LLGL1	1319.58876821807	-1.13467241059461	0.429469768415461	9.35937055900912e-05	0.00232451419085987
STAC2	595.544192463119	1.08367448793366	0.392966291088007	9.38407927883098e-05	0.00232616888277176
CES1A	17.4518693043422	-4.88529077168694	2.4324242031024	9.44451240414014e-05	0.00233236304811173
CLSTN2	30.4022534968661	-2.92316335674406	1.53786029969213	9.44525609863709e-05	0.00233236304811173
LIMK1	21.4681368900274	-3.19024438459217	1.64540705318259	9.48968677629999e-05	0.00233885396838445
PTPRC	51.1184627076038	-5.3072622512203	2.78381264500914	9.87882878087798e-05	0.002416282789099
TMPRSS6	76.2245624918656	-3.323489112616	1.71515683727338	9.97429916536667e-05	0.00243501356518137
LRRC4	15.0469736341631	-2.81854261502261	1.51947358951902	0.000103112455504477	0.0024975997661943
ENPP3	955.663213949845	-1.59863388207399	0.848138213148156	0.000110449597019541	0.00263647278811461
PLXNA4	19.5329551758501	-4.02300877471029	2.08435354649161	0.000115700030948575	0.00272148430461156
THBS1	350644.1378784	-1.12746533524967	0.438148290063534	0.000116031250450099	0.00272430385847319
MGP	1764.48533328767	-1.14490509551648	0.455634466200765	0.000121530465814016	0.00282257244025705
ABHD2	435.451603477204	-1.1985578408192	0.502327412991862	0.000121968529265762	0.00282765169466848
LCP2	26.1912838350172	-5.17803218422803	2.90683409023843	0.00012262302028291	0.00283263571943854
NTM	12.3745442956947	-5.04758468941007	2.78678936493604	0.000122859190924342	0.00283301425941819
PCDHGA10	188.757574661321	-1.96235109142606	1.12656474486473	0.000123623732846445	0.00284048113438624
TBCEL	91.1655082059511	-1.39326206353278	0.686484184631437	0.000124278065716592	0.0028504346389446
ZBTB39	147.257939695985	-2.07597727584967	1.19832343323423	0.000124844296685501	0.00285435784313082
CA13	12.0881571194177	-3.87947499129894	2.05633821092977	0.00012545856042393	0.002862231582061
YPEL2	114.318774860214	-1.67414611214663	0.931844091205333	0.000128793243350663	0.00292454310478227
PM20D2	20.8289921179914	-3.63056760120425	1.95533194988651	0.000130184778073761	0.00294350009263852
MMP9	105.25540686641	-5.38049697798155	3.28049830844815	0.000134681899084078	0.0030244767930205
BCL11B	16.291389777944	-4.83408812098549	2.71215092282764	0.000136591206690501	0.00304107256598362
BLNK	23.2905679394482	-5.29521219362983	3.19164985850401	0.000136747316254693	0.00304107256598362
SLC7A11	565.163917731624	1.43952126717975	0.741926182301481	0.000136474765300991	0.00304107256598362
SLC7A3	486.915681768594	1.41008346317483	0.717775437428308	0.000139647261657226	0.00308228288144117
TOX2	24.1225301441928	-4.59796428807613	2.57217953026795	0.000143569275310315	0.00314729244685368
NEK1	112.133009124816	1.10552799366527	0.436029013724604	0.000144778937946625	0.00316842191873005
ADAMTS3	1465.37065450647	-1.05765749327026	0.399904642504086	0.000147063942240009	0.00320753674361034
TMPRSS7	8.85399686175546	-4.27273612145101	2.39923465487997	0.000153356158143363	0.00332788026678106
NPTX2	86.6148127761465	-2.21986268852476	1.33299610257293	0.000156235514618864	0.003373326270414
BTBD3	89.3677285667109	-1.09870663256468	0.438532922832951	0.000161962234976591	0.00346649051093809
MID2	361.75008201604	-1.07835850542437	0.422135339067409	0.00016243291455443	0.00346649051093809
SMIM22	215.768837457297	-1.15928776281191	0.492634245357814	0.00016303396377966	0.00347356660019804
MIR3064	43.7938875737404	1.8979996382142	1.14368498196777	0.000166512790583801	0.00353018070826511
SLCO2B1	435.75027023769	-1.07754187281425	0.423616426508374	0.000167565525688609	0.00354085184610848
MAST3	833.131254814827	-1.08158246750705	0.428877598605391	0.000172354016235514	0.00361874759859862
ZDHHC23	8.58713003036698	-4.23308244779527	2.4610616553402	0.000172374788637669	0.00361874759859862
ZFHX4	99.4195843009116	1.23397584078232	0.573176340505353	0.000175226400012235	0.00367263137586619
BTN1A1	376.629381787462	-1.5960898896286	0.922693038561946	0.00017699476510864	0.00369168692920773
NPL	20.0988856103046	-4.29726738313864	2.52715638732737	0.000176725541549683	0.00369168692920773
MYORG	405.69115455883	-1.47997983286386	0.823957912009186	0.000182603199120039	0.0037963794139634
RAD54L2	327.481727841767	-1.05722706890682	0.417933078536526	0.000195662766713202	0.00400968690450424
IRAK2	246.000880054096	-1.79146814120555	1.10252618470015	0.000198178117823517	0.00404836123414442
TRPV6	354.519046396458	-1.32553912455326	0.685826980267362	0.000200848626558772	0.00406542118006499
PCDHGA1	23.5155763391098	-4.44041134525032	2.77408441952187	0.000202170566990241	0.00407821378482661
OVOL1	1042.33325023952	-1.21308803658513	0.568999768826822	0.000202901070575608	0.00408655437456186
RXRA	1014.79537658612	-1.13100178846997	0.490571558167572	0.000212332917492091	0.00424690577423642
SPDYA	30.8370924237766	2.72239518242746	1.70433700794273	0.000212510025165438	0.00424690577423642
PLD1	799.817616714522	-1.01582113488309	0.391174649199761	0.000213195747418683	0.00425205632930354
TNNT1	37.2597319741473	-3.88515363234592	2.39878796822438	0.00021810091174179	0.00433177311610428
LAX1	26.3748671203937	-4.69793450903344	3.21209834152055	0.000222869526990734	0.00440585710744048
ADCY1	45.1325552587483	-2.22164202161831	1.43084420705439	0.000225852513812873	0.00442437523259563
ZFP819	20.6352249431959	-3.88314986659159	2.42567091248045	0.000226475047552498	0.00442983818353824
DSC3	2074.01008816732	-1.0287862957492	0.406898300222594	0.000232834436966509	0.00451834349844182
RGD1565616	242.902242435623	-1.40107985287524	0.787559130662163	0.000233103058686098	0.00451834349844182
SLC23A2	824.908118055181	-1.40108372598908	0.791832408770146	0.000238992829136475	0.00459793666801368
LRRK2	39.1691122925736	-3.80446310828432	2.43786728317585	0.000247838774812087	0.00473280267752267
MRGPRE	9.21237593054565	-4.21742347519344	2.80871487008961	0.000252657892952806	0.00477530827003178
PHETA2	61.2776103494602	1.64596739111637	1.04011827932895	0.000258957475336054	0.00483423154785226
VAV2	539.46682868646	-1.0531217433761	0.435172611880175	0.000258604201870048	0.00483423154785226
NGB	7.86410808846191	-3.72666254203231	2.43014456986768	0.000264364708032454	0.00491725986513467
POLR3F	145.860836920543	1.18135653630936	0.571051844341562	0.000271409377268804	0.00504101854898398
CAPN5	139.304382927961	-2.26233709630533	1.54519449654426	0.000301089791255381	0.00548945885329824
SLC5A8	90.7829789899851	-2.00684600532642	1.36708991012728	0.000302838562081293	0.00549027997922344
KIT	216.66114227015	-2.03707975468914	1.39113314819131	0.000304777942847272	0.0055176793304794
ACACB	158.37861856786	-2.31564293516249	1.58625627486322	0.000305847981653896	0.00552928539062934
VTCN1	133.194324822957	-1.98577944962532	1.37210217159257	0.000325609747570505	0.00578911675335697
NRROS	21.7272530799438	-3.57012909922234	2.48020852116543	0.000328108304353458	0.00580153092334166
BEST1	11.5584409145739	-3.42104112523126	2.37393825282434	0.000333288396015823	0.00586897189159011
TBC1D24	13.5344954735139	-3.95468169340591	2.88329180775626	0.000338069793351835	0.00592936233635432
NUDT15	83.2509419990591	-1.12236660896395	0.534063169873221	0.0003421535954366	0.00599233674616545
MUC15	289.895392724843	-1.25045545129563	0.690246437670467	0.000350449079792979	0.00612929258959499
RAB11FIP1	2090.1853565213	-1.11612295325228	0.533940310226201	0.000361709286111796	0.00630058472700141
CAD	892.734810325679	-1.68214284979224	1.15158344873969	0.000364192999093825	0.00633528712323807
KIF5A	16.5551482617379	-3.49779355885861	2.61388433039202	0.000409012534283795	0.00696455953357743
EPHB6	3645.11038794898	-1.03169688763068	0.456607683708641	0.000414846846951145	0.00704529098445356
RT1-BB	746.161587621796	-1.35836469506789	0.852087213692976	0.000417761415448895	0.00705759455456915
CSNK1G1	60.8963365007649	1.29759455860628	0.781039284527266	0.000420033334664316	0.00707206688250918
GSC	71.9606269860893	-2.28736498392294	1.6820618288837	0.000419417845598	0.00707206688250918
PIK3R4	388.563075801347	-1.24489356965811	0.716166375797279	0.000420264021101787	0.00707206688250918
LOC691083	5.67654739600859	-3.17262938003724	2.35065823226626	0.000422101938255812	0.00709078485192248
MPZ	465.387357120249	-1.22656599129506	0.699095566893829	0.000433997317369753	0.00724550173488805
NDUFA4L2	373.183895669665	1.01327844823245	0.442421639504334	0.000434505263077461	0.00724550173488805
CLDN3	1775.32246922038	-1.20089833544485	0.668511631954913	0.000439197585830988	0.0072973810861092
PSD4	52.1747752730791	-1.3417545884663	0.843606758075195	0.000439800307629657	0.0072973810861092
COL14A1	2473.97855228953	-1.03433241711193	0.466104272143605	0.00044325048582392	0.00733440149200299
RGL1	198.746322362637	-1.92482199422978	1.42052080568592	0.000447321232047322	0.00739227010396151
RNF24	15.0682239393403	-1.73712394174704	1.26364110720618	0.00045803983090154	0.00751162012763466
ASIC2	10.2953295913906	-3.63761714350081	2.94664656823776	0.000470345223768575	0.00761578947588369
MDGA1	47.2285361424671	1.18678811539767	0.664033876938129	0.000473986728108773	0.00764781059220335
RN5-8S	490.987566047325	-1.02390278948197	0.462125689928258	0.000474650773759711	0.00764781059220335
PRKAB2	144.827257977364	-1.01678959577016	0.457091680018316	0.000486463264865995	0.00775405054290216
ABCD2	17.1837003007401	-2.99011901008689	2.30360320170583	0.000488309390138911	0.00777075066529699
DLK1	137.210467259066	1.29783931094919	0.820015981575443	0.000504643835273786	0.00795215041158814
RAMP1	97.823906044114	-1.45693480045546	1.00867221676888	0.000506066574366951	0.00795511968730487
ANXA8	721.033096452354	-1.05671669568803	0.507830687853811	0.000509574711034842	0.00799077618642227
CDH5	265.848188683334	-1.32938267818037	0.876533532327594	0.000544038226059297	0.00837831867849981
MSLN	25.6972630500148	-3.55246566241707	3.09192704665539	0.000550566202092748	0.00846873310856268
CLCA1	6321.91371730934	-1.61669690107893	1.20306633807134	0.000554498338932055	0.00850649389827894
EYA3	231.237280004956	-1.13968136224935	0.632304269487805	0.000563035530287705	0.00858879051527635
GCNT3	16.1748828694636	-3.50746288081058	3.28464121989058	0.000615073121199367	0.0092189448049533
FOXRED2	7.64039731393422	-2.98506113818078	2.49650780885371	0.000622655143296096	0.00930014460844343
C4B	9198.40622764637	-1.47907216013101	1.09175495944281	0.000629205110016559	0.00936542017103169
IL33	640.751234030207	-1.04423594439559	0.522406290922545	0.000635110818326197	0.00941215257838513
KB15	13.082691896427	-2.38387841173697	1.95078443536333	0.000636725915310461	0.00941215257838513
NDST1	372.631914185168	-1.17462020744962	0.709520672519872	0.000647696119966951	0.00950144889674209
RLN1	7.3168687181582	-2.91482449223429	2.50728143749513	0.000682652908434969	0.00992040134129284
ODAM	6.68573506229472	-3.04507407993198	2.67453815958015	0.000690684561829939	0.0100145376850258
TULP1	11.7458398746325	2.93589270559779	2.55423478396131	0.000698671601898728	0.0100962746059132
MFAP3L	160.416234767105	-1.36066374301481	0.987592775437344	0.000719898117697545	0.0103681416057222
PLG	19.249411630061	-3.30177873051677	3.21965752293262	0.000721385473521302	0.0103779673590285
RSPO2	10.1667641192389	-3.07550979546113	2.80030958253501	0.000735800545531373	0.0105500211700772
PDGFRA	174.406462936977	-1.33436520818174	0.961325336304398	0.000739657975995001	0.0105700568853388
SHROOM2	165.611796393427	-1.17135001206817	0.739764754618315	0.000756160314399821	0.0107226693648115
PGAP1	73.1145839032233	-1.63351032358426	1.335188918727	0.000791779084344634	0.0111094076800602
RAB17	10.8393079949375	-2.92861181241276	2.68928506712836	0.000792978956120628	0.0111103247221684
PAPSS2	142.468359819993	-1.28075743115786	0.909863803622106	0.000796200675784153	0.0111312654130778
PLET1	2001.41631205413	-1.62420979704966	1.33040306300162	0.000803837009066108	0.0112137002671668
CEP70	194.702987219434	1.02224192665508	0.531793334890824	0.000819412741228209	0.0113599686286128
SLC25A45	17.8481371289876	-1.4413720982507	1.12627762361538	0.000819609838992236	0.0113599686286128
H6PD	291.579426338447	-1.08607245773843	0.629890148621921	0.000827887768774984	0.0114378063660338
ITGA10	10.1684064956784	-2.69710642660357	2.45150799125727	0.000835703183169686	0.0115087756742065
ANPEP	302.474097178486	-1.0665321289661	0.605855591831853	0.00085373962995109	0.0116813100688452
FAM222A	32.5722708713559	1.0271165778504	0.546338516570706	0.000856237116710758	0.0116916275788153
SPTB	11.1786195418027	-2.86378101972001	2.71875740598499	0.000870281042811939	0.011833251731905
TPRG1	5.55188706171627	-2.59027114869157	2.36705845384734	0.000873021740526884	0.01184552656357
NPHP3	112.730101322475	-1.17882951865311	0.797721495972205	0.000910343508134949	0.0122615755693412
FN1	3178.36891505217	-1.21948733016132	0.869462950882922	0.000943959038666724	0.0126089450864395
SLC7A2	95.7343083304784	-1.4321064794242	1.17013235772787	0.000970829342494939	0.0128480392451332
RT1-DOB	15.607334582103	-2.96680857586691	3.29273308125886	0.00097820241004988	0.012932337503121
ADAMTSL3	43.8295603972677	-2.62033468668663	2.5250801121195	0.000987278905092728	0.0129725026367434
TCN2	392.762776499406	-1.04254236562317	0.602586642380105	0.00100915645410103	0.0132061184704186
HSF2BP	53.0048878563931	1.09889531051765	0.699079105787918	0.00101999364339795	0.0132939515302321
SLC7A8	382.064182302342	-1.02114083055993	0.569815936477106	0.00101939890412178	0.0132939515302321
POLE	27.5479959244047	-1.79111327296983	1.61855293055366	0.00104384142907564	0.0135363340249347
THBS4	23.8369666688421	-2.5551201656158	2.58420324257844	0.00112382544205977	0.0143204459776718
STX17	66.5272757683306	-1.09443816017134	0.723951977862995	0.00115325873130101	0.0146458177797734
ZFP112	9.1483148889994	-2.61460555141461	2.72601278400657	0.00115489698641422	0.0146521871603143
TNFAIP2	486.615953969156	-1.48590605502934	1.30539514203889	0.00116649621413914	0.0146837267580601
SELE	353.511573528447	-1.61381726187019	1.47364645112752	0.0011936304302512	0.0149406828446109
LYVE1	398.354751536899	-1.73797860144563	1.62295065223486	0.00119721145825221	0.0149506579276905
CTXN3	24.9675729849231	-1.28221227728587	1.04016213771035	0.00120884301588272	0.0150550593958727
TMEM117	31.9655218444257	-1.69586202557935	1.58203263298186	0.00121967008247787	0.0151459993864545
DNAJB13	6.32056189994048	-2.24876943375918	2.24881215622729	0.00123032633866185	0.0152489485628378
ENKUR	9.5062142693309	-2.33276784111659	2.38813182522084	0.00126416548377435	0.0155933905127765
LOX	122.264807705344	-1.4314785984882	1.26890489004935	0.00127427904976547	0.0157031137203412
SLC5A9	10.2981075300869	-2.60554190212396	2.9659329136396	0.00129193113734999	0.0158751118783998
GPR132	19.8347902961283	-2.51502344368969	2.7568861808102	0.00131501240789586	0.016112652032108
TONSL	16.3045138712521	-2.51385989136414	2.7881755538797	0.00133643063351992	0.0162592691563828
ITGBL1	239.849068148616	-1.17376469283245	0.908868160354108	0.00135549113533025	0.0164367645667046
IL16	21.7971327206936	-2.18779207829626	2.28804077872226	0.00140833374363957	0.0169341622719348
ALOXE3	344.405163547311	1.11877030486073	0.838271316240501	0.00145885805474426	0.0173795566780532
CSRNP3	13.2976941771654	-2.25442789059327	2.43350256906626	0.00146820618513155	0.0174425601164477
PDK4	6551.83125811856	-1.14810431752154	0.894820479748846	0.00147932198943036	0.0175158591921241
FA2H	9.57002488818539	-2.20282247736108	2.36227237712163	0.00148252210757483	0.0175318440060913
HTR2A	9.97095470815	-2.41888656241398	2.81318146093328	0.00149996560706203	0.0176894388609603
CLDN4	19689.8832837543	-1.21907008924377	1.0365851794282	0.00157227776441699	0.0183242860608816
UVSSA	45.8617497375158	-1.10404051918952	0.842314511587436	0.00159806511974934	0.0184579385247035
SH3BGR	32.3358745722497	-1.41988088337448	1.36492560284681	0.00166020022058294	0.019022205194057
PGR	91.9072523581516	-1.54724564111242	1.54768370846527	0.00167398496661175	0.0191344747832999
SOX18	129.853590357271	-1.42769573302517	1.38625561310175	0.00169691619339343	0.0193043489533523
FMO3	14.5426588715197	-2.03201935527304	2.26245420109329	0.00174351086295386	0.0197397098388427
ZBTB40	66.4520033504099	-1.34105524471086	1.27389118961851	0.00175716286938675	0.0198161236976336
PTPRCAP	21.6957207424372	-1.196541154715	1.04418744744626	0.00176703708531115	0.0198753124168069
PCDHGB8	67.4855883889719	-1.07621448195535	0.838789435985649	0.00183657102715999	0.0204034537422283
SLC14A1	171.744228621605	-1.33467370694473	1.28757045988293	0.00185152685583949	0.020520206868052
CDC25C	6.42786553108233	-2.05291020478221	2.37559582486568	0.00186622392966612	0.0205963343526184
CDH16	11.3287969278891	-2.19232468314818	2.8851932284396	0.00194476964796435	0.0212441362392038
ICAM2	48.924638740519	-1.67765675062272	1.82776849308958	0.00197092848096033	0.0214752900419093
CTSE	12.9160309810553	-2.16783422254291	2.97153936455908	0.00199728062284557	0.0217256938636957
FLT1	615.843382293133	-1.22578385672305	1.15574010075371	0.00204663752501564	0.0221690400818921
DOC2B	6.46767985186569	-1.83456440074994	2.10815870157834	0.00206997136443198	0.0223841702076579
DNAH1	7.84917781052624	-1.99983502784632	2.42802246144946	0.0020935163058639	0.0226198031706502
SCN4B	121.852252148896	-1.38577205374261	1.43966353144439	0.00214820363418585	0.0229986252862588
PRPF31	84.0543134085646	-1.10190259617311	0.956108758398946	0.00217653354677092	0.0232247660744016
CYTL1	124.82579762086	-1.42014499547892	1.52297187235994	0.00226600835878568	0.0239011607424193
CXCL2	700.4072135635	-1.2039937691277	1.16859877014481	0.00228897950210059	0.024026828812766
DMBT1	152.585967023622	-1.00673022410114	0.777412771895304	0.00229451480408128	0.0240653342755148
GRIK2	19.3673591637748	-1.87297086896283	2.29271929716911	0.0023021238136056	0.0241187156060039
SMPD3	249.935783220843	-1.09315677639074	0.970569289835751	0.00234498177613589	0.0244553520181162
SRCIN1	8.29744466550718	-1.89422299077634	2.38963875076849	0.00238342719501286	0.0247171555830308
CD8A	7.39481604080317	-1.96617574628667	2.69388389532732	0.0024355798456598	0.0251228278326902
SERPINA3N	293.715987168327	-1.0611820278923	0.923309294270075	0.00244709956327161	0.025214319241064
KCNG3	7.00234587157807	-1.81528449244295	2.31894018304726	0.00256900757417527	0.0261155422958353
FAM217B	10.5365696179991	-1.84546281667651	2.42608570541541	0.00261242381525299	0.0263490946624499
SATB2	9.86940769693131	-1.77871876769568	2.26389614946213	0.00262135155473513	0.0263978293285436
BDNF	19.7951682849503	-1.03010471117176	0.888335952516549	0.00263426382929361	0.0264864748514779
S1PR4	9.34667651141861	-1.82917066488211	2.40949352515787	0.00265277421876678	0.0266103188170458
CXCR3	6.56164563030621	-1.81644895515166	2.3952766408786	0.002683126486912	0.0268520965965028
RASSF6	9.36382037982566	-1.87168998120896	2.62002840334477	0.00269350955904407	0.0269350955904407
CLDN5	102.045295444593	-1.18033703044586	1.21196354354126	0.00273349994694372	0.027139596619747
MN1	69.4350848504651	-1.00478312185955	0.860172794658558	0.0028145521041458	0.0277154901622913
SLC1A2	5.28444668507616	-1.7540413598473	2.34477885402162	0.00286955170870356	0.028235512614648
PNPLA1	5.30301953291335	-1.72922495986933	2.32344500915706	0.00294731756692818	0.0288465629747185
CKMT1	8.56081383112357	-1.7695217840907	2.46859447701805	0.00296136011253116	0.0289361936660555
DSCAM	8.29077953247432	-1.44057255210842	1.73251155168424	0.00297193132036913	0.0289774544020863
CCL21	1491.89968626863	-1.23563161445482	1.36115358031677	0.00297481482802383	0.0289836456033463
FAM131B	5.3776348070968	-1.61756456458508	2.0958164648998	0.00303752886582335	0.0293947050153625
FGFR4	20.5910994660575	-1.71374643019921	2.3444626937572	0.0030523572314668	0.0294057434331891
FXYD5	187.726752674903	-1.02904818096743	0.960675263117515	0.00308759083567534	0.0296567154470719
PTPRO	11.9765103785952	-1.67477411839823	2.61448570705938	0.0034120738000273	0.0319170038333468
KCNG1	11.6366083410223	-1.56096648178782	2.13322362730621	0.00347020181224475	0.0323433849311894
LOC102550367	5.73689162239921	-1.58967726643097	2.23501575909381	0.00351763880477426	0.0327267515842415
AIF1	27.9738022340517	-1.28706349345299	1.57525196200915	0.00356781019535784	0.0330126042414384
RHPN2	420.123883848704	-1.06589399542506	1.12004878205834	0.0035701761297568	0.0330126042414384
ST8SIA4	11.7169648932225	-1.61521368600014	2.5869538838393	0.00366474242058043	0.0336696577343419
MMRN2	137.014263089313	-1.43344951172568	1.91365286371086	0.00371865735818785	0.0339712922374496
PAG1	23.9223557780151	-1.06339764252129	1.15553562496944	0.00383707184525495	0.0348090457263567
CLCN5	10.1025255501954	-1.571588514132	2.4297585562146	0.00386165656732337	0.0348820975142244
GBX2	14.3458110068404	-1.46490061566299	2.09511766332708	0.00403681026056418	0.0361350585129669
TBXAS1	8.30646266521366	-1.51755132478011	2.49344854558766	0.00415384618080056	0.0369008113511504
DOCK11	40.6346539779466	-1.03292511658805	1.13978224090104	0.00421016020162189	0.0372352804729602
GALC	29.2718041483075	-1.05770424722584	1.20518396356645	0.00425707578360202	0.0375333152193092
MARVELD3	26.0210473266556	-1.21751336933387	1.56342412858935	0.00426594784217351	0.0375858289033606
PCSK1	9.23741392657005	-1.48434203488827	2.30557995828284	0.00428471501201996	0.0376996426654862
MTUS2	9.53696118581612	-1.44884386837962	2.20057254365875	0.00438842739170646	0.0382899358280697
CORO1A	101.285468068974	-1.04017838774236	1.19050899794618	0.00444230509531406	0.0386639518424026
TBX21	13.4283361418559	-1.3244457475733	1.87483355931618	0.00455794692118211	0.0391940866004252
LPAR2	41.4008428336463	-1.06579217438217	1.27029942913429	0.00457224326406195	0.039264634026488
TMEM40	4.50932582858765	-1.36530708587002	2.05568582680687	0.00476190257329305	0.0404887362597279
DKK2	23.2912225660436	-1.31392867450601	1.92515255588955	0.00485598537487154	0.0410950885881077
NYX	8.71608467350492	-1.36563812197918	2.09988260522714	0.00486802130586253	0.0411197867841206
PCDHA8	9.54884219093762	-1.37607440104214	2.16940029754712	0.00491347568537397	0.0413556386364768
PLA2G2C	6.94977005935236	-1.24270540545715	1.76474723830662	0.00499505150242931	0.0418635980925317
KLF12	11.0346738293116	-1.21831239147713	1.76694032784943	0.00531172095621641	0.0438807690592949
CDHR1	8.01095545250028	-1.32490954198553	2.25963476599906	0.00543179477148078	0.0444614456020129
ADRA1A	6.70477710255915	-1.23166130076607	1.86204263835822	0.00555747066774572	0.0451107033420922
HCN3	10.5099953345364	-1.26866288829211	2.00030529424109	0.00558923696722655	0.045283007232904
SPRN	5.34301679679178	-1.27528400877147	2.0500012376685	0.00564270142334175	0.0456015180858151
ITGAM	10.1879878434623	-1.25770600896944	2.33784092403662	0.00592081967547752	0.0471761211073736
LOC100911068	23.1156069966793	-1.08531755395782	1.51783324615361	0.00592171946871455	0.0471761211073736
GFOD1	30.539120349348	-1.01255043580597	1.33425754289641	0.00600740900003643	0.0477068259466012
ELOVL2	9.7904962095303	-1.17286188086263	1.81721338710627	0.00616262250791962	0.0486145680092312
GIMAP4	6.02126675035828	-1.14822276028772	1.73945756069945	0.00616880529066704	0.0486335781019561
