baseMean	log2FoldChange	lfcSE	stat	pvalue	padj
IL17F	284.62833409709	-4.63626071357062	0.61159094503589	-7.58065623960236	3.43811452276343e-14	4.140521319764e-10
KRT19	516.160819581092	-3.33517113387353	0.532435675053719	-6.26398885374658	3.75252309664905e-10	2.25958178264722e-06
HP	326.793386531216	3.90650810082997	0.696191534916085	5.61125481265848	2.00864736048879e-08	6.04753504059162e-05
KRT8	1458.21447363554	-3.12301903455841	0.553876069784557	-5.63847980609305	1.71557934431849e-08	6.04753504059162e-05
MAB21L3	147.850778758733	-2.24436338268092	0.41675707286444	-5.3853036428513	7.23224505484747e-08	0.000174195854391056
MMP13	433.09695068124	-2.59835338801991	0.495599153049408	-5.242852761213	1.58112709939172e-07	0.000317358560966241
COL1A1	278.624607717891	-5.75887709410571	1.12042021833517	-5.13992607404284	2.74846581308865e-07	0.000472853911243237
ALDH7A1	397.413273657489	-1.44421062507933	0.288648014986027	-5.00336240022035	5.6338884359936e-07	0.000753876871496344
IGF1R	912.23965683931	-1.1781821281186	0.235451586917291	-5.00392519559648	5.61745628540087e-07	0.000753876871496344
ZFP608	322.763560401239	-1.50744563709774	0.312355391645444	-4.82605928188635	1.39261071436405e-06	0.00167712108330863
RAPGEF2	1078.23805019531	-1.27826396816807	0.266641286199838	-4.79394615284768	1.63532185609656e-06	0.00179038010117916
CAMSAP1	797.342937637331	-1.35318128402415	0.292553209887003	-4.62541937087892	3.73841216099026e-06	0.00363880712221555
CDCP1	112.26537628194	-4.14131578511644	0.897329167250997	-4.61515788883083	3.92796583814682e-06	0.00363880712221555
ITGB4	78.1457198769618	-6.84940606769237	1.49121144763035	-4.59318232741346	4.36537339760135e-06	0.00375515655909379
KRT14	72.1630538963289	-9.23252880068781	2.06279596252787	-4.47573534581372	7.61487651054259e-06	0.00611373052109763
CLDN3	254.834479629908	-2.80860142224806	0.640383696360352	-4.38581031686295	1.15554788113285e-05	0.00809199314936834
COL14A1	27.3035527740432	-7.5042884938918	1.73232915920906	-4.33190681689968	1.47823506838913e-05	0.00809199314936834
DKK4	173.276625793286	-1.13165875995431	0.257611992129858	-4.39288074517841	1.11858492872346e-05	0.00809199314936834
OSMR	89.8730211747326	-2.99372510238928	0.690138977330292	-4.33785831655255	1.43877851446567e-05	0.00809199314936834
PGLYRP1	145.189652325819	4.4762040157576	1.02868755549011	4.35137374012943	1.3528721889147e-05	0.00809199314936834
TPBG	196.321296920934	-2.06567865674316	0.475790544224448	-4.34157147891679	1.41467239897447e-05	0.00809199314936834
POSTN	283.080362819701	-6.08318051588484	1.41265800872682	-4.3061947607315	1.6608684000477e-05	0.0086964513659889
MGC94207	427.709312097813	-1.0459149699362	0.244233789054546	-4.28243354035919	1.84860355325975e-05	0.00899112367599093
NGP	41.2401297112445	7.14444258281565	1.6691474798905	4.28029438314483	1.86646260815223e-05	0.00899112367599093
ORM1	66.2779198471358	4.85536288231297	1.14009180389881	4.25874729184872	2.05575712895287e-05	0.00952210888614592
RETNLG	303.145514074675	3.9854445018823	0.938801658992121	4.24524654777559	2.18353197716646e-05	0.0097393613337095
LOC24906	269.60356562022	3.02277090193002	0.714298113178223	4.23180580511462	2.31822527487778e-05	0.00997085249476898
PRKACA	696.036084070431	-1.3233262743418	0.315380169119478	-4.1959717316293	2.71704136304722e-05	0.0109071097117259
ZFP362	538.87447125044	-1.14006126472547	0.271692176436369	-4.19615051003307	2.71489867430548e-05	0.0109071097117259
SOX9	294.324778542322	-2.22828466934066	0.53830285127172	-4.1394628768479	3.48119925717901e-05	0.0135238976303893
SFRP1	25.7223964577157	-4.25548145229042	1.04220154950891	-4.08316553961719	4.44263522936915e-05	0.016719580021029
ERBB3	61.1548979386034	-1.87779875495169	0.464045226753708	-4.04658564874827	5.19701147321019e-05	0.018965942173294
BEX3	3746.82153943104	1.08098847665389	0.270207375915438	4.00058833698228	6.31851942839032e-05	0.0223805674929719
F13A1	40.7847803189621	-4.83967616458255	1.21285298071132	-3.99032384101836	6.59831411409069e-05	0.0227038562502841
ITIH1	202.447730403425	-2.6041257228692	0.654727021228859	-3.97742209872674	6.9666435316718e-05	0.0227819898989478
THRB	159.659960406529	-1.72904181783618	0.434836061433835	-3.9763073286397	6.99936582463728e-05	0.0227819898989478
CD276	59.8033815203789	-2.89331261021215	0.72935265345547	-3.96695973683573	7.27952843587789e-05	0.0229983557098121
MSLN	26.5906139520518	-8.05843690504154	2.0341840014819	-3.96150834888633	7.44777773547017e-05	0.0229983557098121
MAZ	1063.39803138471	-1.36723094776961	0.346592232522946	-3.94478242578357	7.98724665805553e-05	0.0233136499253258
SERPINB1A	929.291324025922	1.83798970010937	0.466433726422891	3.9405162962915	8.13064267095976e-05	0.0233136499253258
TNFRSF11A	375.397721302786	-1.59389083658901	0.404239769804283	-3.94293425745988	8.04907253067198e-05	0.0233136499253258
SLC16A2	33.076784458633	-2.74286919886837	0.704874272681501	-3.89128856758224	9.97132576262219e-05	0.0271811947867758
SPON1	114.36943782074	-1.94670215570448	0.503124406643215	-3.86922623907799	0.000109181296386907	0.0285841380953809
EFS	18.0189706778934	-6.66928138046865	1.7373778946923	-3.83870509740187	0.000123684875646991	0.0295458946119581
IGSF3	90.8824243525478	-2.05472867381892	0.536329570523232	-3.83109339247205	0.000127575065998657	0.0295458946119581
OLFM1	382.83759036584	-1.80705451047022	0.47040094928689	-3.84151969337997	0.00012227492375338	0.0295458946119581
RTP3	200.466795586939	-2.39057965837918	0.623471205457865	-3.83430644022058	0.00012591908193647	0.0295458946119581
MFGE8	2572.65233407653	-1.54228506403474	0.403424320259725	-3.82298484890998	0.000131845883925937	0.0299588675494351
DDIT3	4857.11734025291	1.37138660693032	0.359847491947519	3.81102171786244	0.000138393606671943	0.0303031673663675
DDR1	80.9777831617683	-2.35019704939735	0.619039259628987	-3.79652342374199	0.000146739503299733	0.0315568542542622
RGD1311517	129.989706968968	1.11869530210295	0.295563217253625	3.78496117513495	0.000153732576856817	0.0323328616082845
SGSM2	280.187170770792	-1.17085236125522	0.309604368465088	-3.78176951139256	0.000155717510029104	0.0323328616082845
RB1	777.769200723087	-1.36521634509517	0.362448220049478	-3.76665208870056	0.000165451309981822	0.032664428296903
NR2F6	306.230464571562	-1.19570396250273	0.318593982024186	-3.7530651235338	0.000174685450013777	0.0328708886643112
ZC3H12C	482.521356982904	-1.44139237280061	0.383330240731805	-3.76018435187605	0.000169788188141667	0.0328708886643112
CYP4F18	91.1874259448723	2.27810133502976	0.612507806587133	3.71930171424793	0.000199774305254451	0.0353806170320494
B4GALT5	1385.17825340547	-1.57198847999971	0.424880900990386	-3.69983323876277	0.000215741184437574	0.0371167297740243
CMIP	6823.59880030977	-1.48032646756268	0.403691935626593	-3.66697062022054	0.000245440982625754	0.039574224004531
PGM1	218.780554389095	-1.05226792066313	0.287041002305557	-3.66591501636055	0.000246455766863723	0.039574224004531
PROK2	81.3211105127967	3.63432046890012	0.988691240899445	3.67589022594542	0.000237021432788562	0.039574224004531
IRX2	45.2619707941569	-5.60092195212078	1.53574523699486	-3.6470384652344	0.000265280224484044	0.0414905161488485
SH3TC1	372.817395473406	-1.49490818681047	0.410746906769467	-3.63948738790988	0.000273181316295649	0.0416445897740317
DSCAML1	16.2754413254774	-7.09049357677705	1.96541479347341	-3.60763213970028	0.000309004174821931	0.0437804385574179
RGD1561149	160.67161996594	-1.58036401992741	0.437629400516046	-3.6111925251454	0.000304792289377003	0.0437804385574179
THBS2	154.900586389727	-5.81705635544892	1.60772286354389	-3.61819595115196	0.000296663753436439	0.0437804385574179
SYNJ2	36.8929506379411	-2.07994696060898	0.577847355528711	-3.59947474139757	0.000318860601931979	0.044138370449044
FAM135A	50.6854492232056	-2.15342303969224	0.600381705118314	-3.58675659390366	0.000334816587126612	0.0447349625387881
SLC7A8	386.460621741152	-2.01926917355182	0.562853232473872	-3.58755898882673	0.0003337882332301	0.0447349625387881
CXCL10	707.170917395609	-1.12113542824815	0.314694254467548	-3.56261804062826	0.000367174721267658	0.0450721491525292
DGAT2	1172.30451985473	1.55069165296922	0.435003609512525	3.56477881805846	0.000364163152786523	0.0450721491525292
DPYSL2	187.145559491326	-1.5475584180929	0.433744500084526	-3.56790326515107	0.000359849298296518	0.0450721491525292
LRP5	122.054226731752	-1.78289654777408	0.501012092857218	-3.55858984881267	0.000372851245930904	0.0450721491525292
NPW	14.7621591843947	-5.76172661664723	1.6196550095655	-3.55737893725462	0.000374573633754969	0.0450721491525292
PLXND1	1052.50179727406	-1.53992361540544	0.433489184900246	-3.55239223732838	0.000381745346969857	0.0450721491525292
VAT1	2358.40791073662	-1.46540217645279	0.410508626097727	-3.56972322453445	0.000357358593448724	0.0450721491525292
ADAMTS1	162.41703123001	-2.31719926489248	0.655839357820797	-3.53318116282621	0.000410591010147107	0.0451764732642853
CAMP	84.8610849117278	4.3848786035948	1.24078612776194	3.53395198857035	0.000409395437952766	0.0451764732642853
EHF	112.107600995006	-2.20918470174314	0.625657716424943	-3.53097970942738	0.000414023506918556	0.0451764732642853
LZTS2	133.058404296805	-1.34224064281847	0.380457500661181	-3.52796472795475	0.00041876795390949	0.0451764732642853
NOMO1	1410.35629760267	-1.08687788300047	0.306917853018973	-3.54126640828963	0.000398211284814305	0.0451764732642853
PPFIA1	1308.49883446603	-1.09266186622237	0.309790636631723	-3.52709777836611	0.00042014157648426	0.0451764732642853
PTPRV	217.63654040404	-2.06960705386153	0.586039670255763	-3.53151357988836	0.000413188645406766	0.0451764732642853
SH3BP1	1065.95019107524	-1.14984734275091	0.32468100058808	-3.54146790439922	0.00039790726485594	0.0451764732642853
GLIS2	45.4609748719761	-1.99438882857224	0.566268965853456	-3.52198151203004	0.000428334013970031	0.0452637731535307
PPM1L	687.462892296223	-1.0498632614057	0.298169730996675	-3.5210256181819	0.000429881083121966	0.0452637731535307
TAPBPL	323.309939847646	-1.10236259142153	0.313208471761945	-3.51958101650386	0.0004322290054518	0.0452637731535307
NTRK1	161.870729427659	-2.63032262953257	0.748581817943839	-3.51374100530171	0.000441843390905827	0.0454796577493921
PRKAR2A	338.187924853513	-1.11309717825489	0.316741544523128	-3.51421276274546	0.000441059388394176	0.0454796577493921
SEMA4A	2953.46865768567	-1.34827564671971	0.38460339756197	-3.50562593899724	0.000455534933532571	0.0464915864790911
C1RL	5.63523182363829	6.13646385188233	1.75398778262998	3.49857844658482	0.000467745469966036	0.0469421557900081
ICAM4	122.527174432278	-1.69781936205209	0.486961756523595	-3.48655585229684	0.000489283203747285	0.0486301444565797
NTRK2	28.9136699890383	-6.16513851428635	1.77029891893215	-3.48254096997651	0.00049667921349824	0.0486301444565797
IRX5	13.5413772616473	-5.91853749021123	1.70612011346525	-3.46900399538124	0.000522391685261258	0.0493502929940645
KDR	316.711338893362	-2.00744926689015	0.578434217807877	-3.47048844118851	0.000519512702456123	0.0493502929940645
LIMA1	407.242864791124	-1.56025046296276	0.449910930340782	-3.46790966332149	0.000524523582432969	0.0493502929940645
