baseMean	log2FoldChange	lfcSE	stat	pvalue	padj
CLDN5	71.0210966344114	-22.302085195618	3.22400405130547	-6.9175115293628	4.59645988833232e-12	5.64675097281626e-08
ANGPT2	132.105464097838	-22.2072266342829	3.28629995008414	-6.75751665142872	1.40376913853064e-11	8.62265193342444e-08
LRRK2	12.3499678486961	-20.9157697872874	3.23612561282715	-6.463213202968	1.02502710668707e-10	4.19748600188357e-07
DSE	114.801334551011	-10.5666630666826	1.7104037838497	-6.17787633917624	6.49695694195908e-10	1.61810828111463e-06
ITPRID1	57.7864358348503	-22.3382775507186	3.61710527700069	-6.17573331159483	6.58570728984384e-10	1.61810828111463e-06
CPEB1	10.8430351835628	-21.8709094097105	3.68667113099672	-5.93242755661731	2.98488103387684e-09	6.11154391686284e-06
DDR2	128.754863172526	-8.17454808459478	1.42478309340603	-5.7373982906079	9.61419801054395e-09	1.68729175085046e-05
IGFBP2	1601.29826502653	-3.29835609756765	0.584329283709872	-5.64468731846979	1.65481722405067e-08	2.5411786996828e-05
WNT4	1601.62931122474	3.1410729568624	0.583513593618862	5.38303304535194	7.32410857853596e-08	9.99740820970159e-05
NCAPD3	78.4903223228804	-6.67549224267638	1.25572926439739	-5.31602824903494	1.06056691631422e-07	0.000118446041517456
PARVB	65.1115256702499	-9.50989876755468	1.78356745149353	-5.33195352919859	9.71618061549726e-08	0.000118446041517456
PCDHB10	13.9397900141174	-20.0582358896223	3.80943142409998	-5.26541461351053	1.3987331956204e-07	0.000143195310901639
NPY1R	122.666345980622	21.4517249758067	4.16305116037682	5.15288526357313	2.5650891832306e-07	0.000242400927815292
RRAD	145.989916965744	-9.31745836954954	1.81411610135382	-5.13608713499439	2.80517634830543e-07	0.000246154224563802
LOC690276	41.1889137766693	-9.14003514534767	1.81714692275398	-5.02988230114903	4.90781012031544e-07	0.000401949648853835
ADAMTS12	102.841116908452	-9.81653012340167	1.96039521716147	-5.0074240323925	5.5163312254959e-07	0.000423550806907607
SLC7A11	84.117893414628	-6.74996857504232	1.3848470553449	-4.8741617704211	1.0927142286577e-06	0.000789646723474111
CABP1	31.7366069712365	6.70824576391333	1.42478232216005	4.70826010372116	2.49840171902746e-06	0.00161541395359223
CD79B	9.59033393547859	-21.4911913112188	4.5605167296357	-4.71244654614732	2.44760296815844e-06	0.00161541395359223
MEGF9	80.5503338562968	-9.15777753952438	1.966543207402	-4.65678938812776	3.21178708584401e-06	0.00197284021747968
PCDH7	80.3038727507218	-6.24335945981457	1.34580207799975	-4.63913643906243	3.49868026392272e-06	0.00204672795439479
DMBT1	146.599567534309	-9.72477082113528	2.12750332416728	-4.57097796777432	4.85453325337698e-06	0.00271081550080619
GOT1	1269.75043516762	1.623714448813	0.357530369516913	4.54147280133693	5.58625938155283e-06	0.00298379115227724
TMEM132E	22.0349435706986	-21.41378255934	4.73565591225601	-4.52181977662704	6.13102507851153e-06	0.00313831846206309
APBA2	62.910475406545	-9.88283188152737	2.22027240583632	-4.45117988925542	8.5399763716321e-06	0.0037902366376108
FBN2	9.11564419251164	-21.3974863520955	4.82000267637107	-4.43931005619388	9.02477230451853e-06	0.0037902366376108
HSD17B11	1069.79350114354	1.77036165718448	0.398077503943674	4.44727883300579	8.69649225863206e-06	0.0037902366376108
LAYN	358.893275738162	3.48653562508965	0.786341923042689	4.43386715488698	9.25576712481269e-06	0.0037902366376108
OTUB2	42.4253019471896	-8.77209363880237	1.97807610054813	-4.43465933205078	9.22179962374324e-06	0.0037902366376108
VEGFC	41.3464220811432	-9.3146707757313	2.08937124914745	-4.45812144659886	8.26810558562577e-06	0.0037902366376108
CTLA4	7.63871881412113	-24.5413307776846	5.56488065400192	-4.41003721437152	1.03352856245055e-05	0.00384754496657729
DES	1457.09807183117	2.8950028766935	0.655639928651454	4.41553778252654	1.00759178254665e-05	0.00384754496657729
SPNS3	63.1723375376527	-8.98726749717743	2.03223201828171	-4.42236290754651	9.76272948142175e-06	0.00384754496657729
PIK3R5	84.5558294490041	-8.56694675596451	1.95124778349024	-4.39049659835648	1.13092084564562e-05	0.00408628311434014
ADORA2A	101.200109898246	-9.366356992005	2.15122912292594	-4.35395602085639	1.33702540886014e-05	0.0045166601690901
GFPT1	1420.20877265255	-1.30334683638058	0.299608350897932	-4.35016858667131	1.36032907005563e-05	0.0045166601690901
HECTD2	38.475197033701	-8.60029544512572	1.97496408759444	-4.35465915514499	1.3327412260964e-05	0.0045166601690901
CILP	96.7857361079643	-10.1640119795736	2.34124281871848	-4.34128912144922	1.41649186715643e-05	0.00457936910210966
CYP1A1	76.2899641817474	-10.0556097768292	2.33854670635602	-4.29993968027182	1.70844604101176e-05	0.00538160502918705
FAM220A	134.224174106327	3.4016214675791	0.792620726546308	4.29161306745158	1.77379842730284e-05	0.00544777841985386
GPR19	46.8947823686324	-7.85216992748229	1.83610827881141	-4.27652879631114	1.89830011913802e-05	0.00565517478061833
NNMT	40.5950675503894	-7.96384893335484	1.86400170385899	-4.2724472391133	1.93339308739088e-05	0.00565517478061833
CITED4	3255.84985005504	1.97802904851199	0.466346369159338	4.24154486734334	2.21986500349341e-05	0.00634210269021315
CNKSR3	1528.92457170851	-1.35395687912158	0.323053709947229	-4.19112004422654	2.7758073588448e-05	0.00757795408964631
DPP4	68.6500543444972	-7.98969899246563	1.90628945145315	-4.19123076318506	2.77445290501572e-05	0.00757795408964631
PLXND1	63.5615093192327	-6.96583962690641	1.67043564653433	-4.170073622027	3.04501253819073e-05	0.00813216935471155
IKBKE	133.074478909457	-2.59730180932783	0.628492469466838	-4.13259018287231	3.58697955160916e-05	0.00937575399819543
CNOT6L	358.002519994838	-1.59557996681347	0.387987247701206	-4.11245466511376	3.91474361929424e-05	0.00961852507260596
LCMT2	176.76683936711	1.95628109832764	0.475151920724909	4.11716971562077	3.83553629150521e-05	0.00961852507260596
FAM71A	37.098862640032	-6.70288836735615	1.65612617915768	-4.04732951613946	5.1805288097007e-05	0.0124789796916026
HHEX	71.5780093268014	-7.35109817561755	1.81836109607182	-4.04270537436048	5.28379969862123e-05	0.0124829767879927
ACVRL1	56.3245928517353	-9.32056674125688	2.32117167297944	-4.01545773186741	5.93305318271034e-05	0.0137523694999239
PTPDC1	41.1029247228241	-8.90116229543308	2.21947999826647	-4.01047195847015	6.05974973407515e-05	0.013785930645021
CXCL2	14000.9265505488	-1.89355645991679	0.475250837964546	-3.9843306074466	6.76706073549343e-05	0.0148452394884887
POLR3G	102.486757670673	-3.71840387789369	0.93228912528223	-3.98846642855351	6.65018117151357e-05	0.0148452394884887
ADCK2	111.976514824012	-2.83298838603931	0.718768336312244	-3.94144850700353	8.09910233953785e-05	0.017455696884425
MSX1	1661.47156022184	2.82869157853897	0.725777248640027	3.89746521241802	9.72047801608741e-05	0.0205889780047645
FMO1	62.5710122131553	-8.31752949804082	2.14618800942447	-3.87548968753733	0.000106410486624618	0.0214303742325152
IVD	2553.9211337506	1.47950212771948	0.381509193305621	3.87802483840611	0.000105307967808656	0.0214303742325152
IFNK	31.2592493278439	-9.02253313309693	2.34881411415587	-3.8413142524646	0.000122377323091281	0.0242484744221998
SEZ6	81.0269702994964	-7.98834068952466	2.08341887243272	-3.83424610155182	0.00012594999255723	0.0245602485486599
AGER	217.081005932073	2.58457308323709	0.676278047347723	3.82176102473451	0.000132502062617093	0.0254341849882966
SNTB1	89.603193291187	-3.27993679910791	0.86024945961089	-3.81277403021154	0.000137415738865691	0.0259715746456156
SHC1	646.388957680889	-1.15100924095925	0.302283857945419	-3.80770990810592	0.000140259669826364	0.0261074249063163
CHI3L1	23288.8350512064	-1.7359033905119	0.460481753833403	-3.76975499259397	0.000163407882221503	0.0269391673868603
DCBLD2	73.9617020598453	-4.5194237067699	1.20310670461533	-3.75646124274148	0.000172332945972334	0.0269391673868603
GPAT3	557.413919137466	-2.00130802357174	0.52895895430259	-3.7834845356014	0.000154647937402457	0.0269391673868603
GREM2	57.0956136515238	-10.1569666016889	2.7003800642672	-3.761310023019	0.00016902577421078	0.0269391673868603
GRIK3	43.0607426309767	-8.08816198607682	2.13179363384556	-3.79406423664308	0.000148201306179342	0.0269391673868603
IPO7	288.254294251113	-1.35050271001461	0.359229353913328	-3.7594441971478	0.000170291254352521	0.0269391673868603
KCNJ14	28.1075454592267	-6.39721186443777	1.6870072806784	-3.79204757306396	0.000149410282636639	0.0269391673868603
LOC500227	20.1100019048938	-8.46509052813228	2.25540359809263	-3.75324865815197	0.00017455754678847	0.0269391673868603
LAMA5	2747.05769475279	1.69454729311005	0.450035462960639	3.76536391590602	0.000166306682233297	0.0269391673868603
PGM5	78.6192563137424	-8.30905559335288	2.20174808353789	-3.77384481697899	0.000160750775279719	0.0269391673868603
PHLDB1	429.679206977444	-1.87566961469632	0.499601860007317	-3.75432872621582	0.000173806641800255	0.0269391673868603
PYGL	339.828573609723	2.11634332211348	0.564525726974888	3.74888728890053	0.000177620883869408	0.0269391673868603
SEMA4A	1511.98172485893	-1.95111322513518	0.517613349110631	-3.76944147303698	0.000163613268050502	0.0269391673868603
SLC9A2	35.3839121302509	-9.42554945801712	2.50377661691505	-3.76453290375022	0.000166860696513948	0.0269391673868603
ZCCHC10	399.014350880898	1.25504324594814	0.335840897500591	3.73701730577924	0.000186216111624354	0.027898352820795
TXNIP	5492.46585616781	1.72327018346686	0.462169752371868	3.72865202584761	0.000192506759810692	0.0284933198105343
MTSS1	1344.51065668079	1.29386656042573	0.347646151082065	3.72179170227689	0.000197814174382079	0.028871209923009
TSPAN2	44.4915882349995	-6.13468552547677	1.65173503564575	-3.71408572990546	0.000203939654660013	0.0291325425290496
NDRG1	37928.8551460386	-1.26572667659612	0.341356303145877	-3.707934099741	0.000208957014586234	0.0295061715424354
ASF1B	40.1689350546643	-8.59117407628144	2.32372553905682	-3.69715524999933	0.000218029014800121	0.0301982899091453
OTULIN	1217.20103000446	1.0353955191682	0.280404654006601	3.69250475829773	0.000222056184830911	0.0303106692294193
PLA2G12A	2507.18781455984	1.04882629230775	0.286020558851684	3.66696120208484	0.000245450019213042	0.0331348373492611
PLEK	29.7866032109488	-8.97020915897527	2.44808655634801	-3.6641715693079	0.000248140418081564	0.0331348373492611
GOLGA5	711.734171813132	1.19024979120589	0.32563683062734	3.65514487078402	0.000257036790016486	0.0339537308102422
CD27	22.4479131214245	-8.85293698682189	2.43484049923596	-3.63594124116133	0.000276967464547474	0.0355632939155439
FLRT2	82.4845855681866	-4.49341935261567	1.23703979882995	-3.63239675624484	0.000280800936899288	0.0355632939155439
IDI1	1163.19886482224	2.23646394252611	0.615434326590111	3.63396035271141	0.000279103769611577	0.0355632939155439
PALM2	24.2167030675905	-8.01838738224766	2.21863036237583	-3.61411595109568	0.000301374174837289	0.0377794054885316
LYST	84.5960605292783	-3.64339144181827	1.00996286429399	-3.60745089807354	0.000309220032033796	0.0380956663036074
MICU3	42.9466499957045	-3.29516050179879	0.913618443610677	-3.60671407724226	0.000310099033810398	0.0380956663036074
C1QTNF6	123.559060712297	2.8066220527293	0.783580428941166	3.58179192469346	0.000341245540683734	0.0415069452207889
ABCA8A	39.2665854506188	-9.24714965398852	2.58662580459455	-3.57498546467877	0.000350247354135696	0.0415889251078339
BNIP3	527.081764917988	1.36796178028328	0.382257350936643	3.5786408735669	0.000345385683034211	0.0415889251078339
LRRN3	41.5511558846696	-8.23263957593788	2.30518390460583	-3.57135912648393	0.000355133547877834	0.0415889251078339
POLK	633.790268414366	-2.01407925802945	0.564773208114868	-3.56617351724626	0.000362231582135794	0.0415889251078339
PPP1R1B	883.140906548002	1.75148990355162	0.490865260290583	3.56816838599409	0.00035948545987656	0.0415889251078339
VCAN	74.4456514880574	-10.3830011057856	2.9090168274414	-3.56924752302581	0.000358008053738846	0.0415889251078339
ADAMTS5	14.67686551745	-8.09990669090971	2.28140014292928	-3.550410354805	0.000384631104400296	0.0437517881255337
FGD5	50.5173496501546	-8.35989782962537	2.36267818220946	-3.53831422856227	0.000402690528232539	0.0453858086177683
ANKRD33B	64.1371015344975	-6.77757868829147	1.91795259966149	-3.53375713742231	0.000409697350027577	0.0454881327544515
CDC14A	216.898908961814	2.04950567324922	0.580507109406916	3.53054362304559	0.000414706623402407	0.0454881327544515
TSC22D3	4216.80850811233	1.7905677495898	0.507111134629249	3.53091783500059	0.000414120367367221	0.0454881327544515
CYB5R4	605.476505237424	1.12547483711735	0.319119483932556	3.5268132902697	0.000420593244624294	0.0457255576124731
MFNG	59.7250922235931	-8.27593567990953	2.35438014458362	-3.51512295028004	0.000439550437513014	0.0473673432004156
USP54	10027.1451213842	-2.1732536160925	0.618834821525911	-3.51184765384361	0.000445003012071484	0.0475379304634624
TSPAN11	29.4660773313004	-8.88450538201198	2.53244451506843	-3.50827247315699	0.000451026851574991	0.0477660764792997
GLO1	1384.72082909025	1.47236308629555	0.420491685866385	3.50152722582821	0.000462599703438274	0.0481577219857136
MYCN	29.4963523527969	5.98806092819299	1.71121781292949	3.49929791692727	0.000466485056271869	0.0481577219857136
WNT11	3795.76351737	2.41014196055033	0.688466160366173	3.50074135708929	0.000463965896456983	0.0481577219857136
MPZ	51.2719643757237	3.84256476136518	1.09968921254648	3.49422793051429	0.000475434922776594	0.0486726502192538
THSD7A	96.8323831842108	-8.01546989460986	2.29619666703452	-3.49075931068292	0.000481649952245017	0.048742803353861
ZAP70	23.0152264240304	-9.67791292233208	2.77349555322815	-3.48942795710189	0.000484055515602038	0.048742803353861
